10000000000000000000
00000000000000000000
10000000000000000000
00000000000000000000
10000000000000000000
00000000000000000000
10000000000000000000
00000000000000000000
10000000000000000000
00000000000000000000
10000000000000000000
00000000000000000000
10000000000000000000
00000000000000000000
10000000000000000000
00000000000000000000
10000000000000000000
00000000000000000000
10000000000000000000
00000000000000000000
10000000000000000000
00000000000000000000
10000000000000000000
00000000000000000000
10000000000000000000
00000000000000000000
10000000000000000000
00000000000000000000
10000000000000000000
00000000000000000000
10000000000000000000
00000000000000000000
10000000000000000000
00000000000000000000
00000000000000000000
00000000000000000000
01111111111111111111
00000000000000000000
00000000000000000000
00000000000000000000
10000000000000000000
00000000000000000000
00000000000000000000
00000000000000000000
01111111111111111111
00000000000000000000
00000000000000000000
00000000000000000000
10000000000000000000
00000000000000000000
00000000000000000000
00000000000000000000
01111111111111111111
00000000000000000000
00000000000000000000
00000000000000000000
10000000000000000000
00000000000000000000
00000000000000000000
00000000000000000000
01111111111111111111
00000000000000000000
00000000000000000000
00000000000000000000
01111111111111111111
00000000000000000000
00000000000000000000
00000000000000000000
00000000000000000000
00000000000000000000
00000000000000000000
00000000000000000000
00000000000000000000
00000000000000000000
00000000000000000000
00000000000000000000
00000000000000000000
00000000000000000000
00000000000000000000
00000000000000000000
00000000000000000000
00000000000000000000
00000000000000000000
00000000000000000000
00000000000000000000
00000000000000000000
00000000000000000000
00000000000000000000
00000000000000000000
00000000000000000000
00000000000000000000
00000000000000000000
00000000000000000000
00000000000000000000
00000000000000000000
00000000000000000000
10000000000000000000
00000000000000000000
10000000000000000000
00000000000000000000
01111111111111111111
00000000000000000000
01111111111111111111
00000000000000000000
10000000000000000000
00000000000000000000
10000000000000000000
00000000000000000000
01111111111111111111
00000000000000000000
01111111111111111111
00000000000000000000
10000000000000000000
00000000000000000000
10000000000000000000
00000000000000000000
01111111111111111111
00000000000000000000
01111111111111111111
00000000000000000000
10000000000000000000
00000000000000000000
10000000000000000000
00000000000000000000
01111111111111111111
00000000000000000000
01111111111111111111
00000000000000000000
01000000000000000000
00000000000000000000
01000000000000000000
00000000000000000000
01000000000000000000
00000000000000000000
01000000000000000000
00000000000000000000
01000000000000000000
00000000000000000000
01000000000000000000
00000000000000000000
01000000000000000000
00000000000000000000
01000000000000000000
00000000000000000000
01000000000000000000
00000000000000000000
11000000000000000000
00000000000000000000
11000000000000000000
00000000000000000000
11000000000000000000
00000000000000000000
11000000000000000000
00000000000000000000
11000000000000000000
00000000000000000000
11000000000000000000
00000000000000000000
11000000000000000000
00000000000000000000
00000000000000000000
00000000000000000000
00000000000000000000
00000000000000000000
00000000000000000000
00000000000000000000
00000000000000000000
00000000000000000000
00000000000000000000
00000000000000000000
00000000000000000000
00000000000000000000
00000000000000000000
00000000000000000000
00000000000000000000
00000000000000000000
01100000000000000000
00000000000000000000
00000000000000000000
00000000000000000000
00000000000000000000
00000000000000000000
00000000000000000000
00000000000000000000
00000000000000000000
00000000000000000000
00000000000000000000
00000000000000000000
00000000000000000000
00000000000000000000
00000000000000000000
00000000000000000000
