00011011101000010101
00100111000101001001
00001100101001111001
00001100110111000111
11011001110011000001
00000110100101111011
00001001110110011100
11111111011010001000
00100101010010001001
00001000110110001101
00010101001110111110
11110101010010000000
00100011000100111100
00010111010110111111
00000010010100110101
00100011011101001011
00001011100101110010
00001010010011100111
00001011010010011011
00010110101011110011
00011100010101010110
11101001000111101110
11111110000010100101
11011010111101000100
00000111001011001101
11110010101101001111
00010001110000110101
11110101111000011100
00010010001011011111
00001111111111110001
00001111110011101000
00010101110010100001
00001111000011100111
00010110111010111000
00001011101111100000
00001001101011100001
11100111010011011011
11110110111001011101
11100111111011011010
00001000111001001001
00001010011000001101
11110101011110110101
00010101110010001011
11101011001010111010
11110111100011111010
11101001000110010111
00001110011110111001
11101000101001010000
00001001011000111001
11101011101010010000
00011110110101101111
11110011100000101101
00000101100100001001
11111111100111111011
00001001010010100000
11111100111101010001
00010111101000011001
11110001011110000000
00011101110001010001
11110011000111100110
11101100010100101001
11101010011110100100
11011101011000110000
11011100011011011001
00010010000001100111
11111000010111101010
11110110110010001100
00000011101101100110
11110111111110111111
11111100111110110111
11101111110110011111
00000110101010111001
00010111111110100010
00010101110010101101
00000000001111100001
00001001111110001010
11101010100010011000
00000111010100010101
11101000111101111010
00100010011000110001
11010110010001111000
00010111011101001001
11110111010111110101
00100011101010101111
11011110100100100110
11110001111101010100
11101100001111000111
00000001001101101101
11100101000111011111
11100110011110010101
11110010001010001101
11111011010010110000
11111111101110000101
11101000011010011000
00000110101010011000
11101010001001000110
11111000101101010100
11110000110011111000
11111010101110010011
11011000111010011100
11111010110001101001
11100010101001000001
11111010101000100111
11100011101101110000
11110000100001100111
00010011100011010111
11111010101100111111
00011111101001111000
11101110110010111001
11100011101010000111
11110000001001000011
00010000000010101111
11111010110011101010
11101001000010000111
00001110110100011101
11011110100111100111
11100100111001000011
11101100100010011100
11100000100111011010
11101001000101111011
11111111101000100010
11101010010010100100
00000110011000100100
11111011101000111001
00000110101011001110
00000001011110010011
11101000011111011010
00001110100110110001
11111111010000100110
11111011110000001011
11111111000011001101
11111100000010011000
00010111011101100000
00010000110000000111
00010001001100100000
00010100111111001010
11111001000111010011
00011110100101010110
11110011110001110111
00011001100110111101
11100111011000111101
11101101111010001011
11110011001100111000
11111000101001101001
11110011011111100110
11100100010100101101
11101001011011001010
11110001100001101111
00000101111000111011
11011111110111111110
11110001001011010110
11110111110010000011
11110100010110101111
11111001111000000011
11101100101011010101
11111010011100001100
11101111010001010001
11101000010010101100
11101101000111010010
11100110101111001101
11110100101011001100
11101000010100001001
11010110010001010111
11111001010010000111
11110111100110111010
00000011000001001110
00000110111011110010
00000111000010000100
00000010000011100001
11110000010100011001
00000000101001101000
11101101010100110101
11100011111111001110
00100000101001111111
00001011000010110101
00011101110011100100
11100111100110100100
11101010001111111000
11100101000010000110
11110111010001011000
11011111100010101110
00001101100001111100
11101110000111111000
00000110001001101001
00010111110001001010
00000001100100100001
00011010010001010010
11101001001100111101
00000000100001011010
00001000110110100101
11111111011110110010
11110100100100111100
00000011110111001110
00001000000010101010
00100011001111010110
00000001110001110110
11111111110000110000
11101001110111100011
11111110111100100001
11101011101000000111
11011000000111101111
00010110110111001011
11101111100000101010
00000000011011100011
00010111000011001110
00010001000000101110
00010001101011000011
00010111101000101000
00011101111011101101
00001111111111010000
00011110100110111010
00000011000101010010
11100000100010000110
11011111110111100110
11101010001001101100
11110001001011010110
11100100110100100100
11111000111011111111
11100010111010110100
11111010001010101111
00001001001101010001
11111101100001101000
11011100001010101011
11111001101110011110
11111011110110101010
11100111110000110100
11110011110100001000
11110001100110001011
11100100110110011011
00001000011100011100
11100001111001000111
00010110000000000110
11111000000111100101
00100000100011110010
11111101010110100101
00011101010001011001
11111010100100011000
00000101100011010000
00011110110010100000
00001111110000111101
11011011111100001010
11111101010111001000
11101000001110111010
00001010011110001110
11111101000111100101
00100100110101101111
11111101110110101100
00011000110011110110
11100101011101111100
11111001100011001101
11110010111110000111
11111101010001000011
11110011100110111001
00000111011110000010
11111101100111111010
00000011001001110011
00010010000101000111
00011000010001010100
00010111011100001100
00100101100000101011
00010100100111000101
00001101001001000111
00011111011001011001
00100011011101000001
11110100100010111000
11111110011000111111
00000001111000110110
11101001101000110100
00001110000000100110
11111010000100000000
11111110100110100001
00000010001101110100
11100001000011101110
11110100001011000110
11100111101111111100
11110100101111000100
00001110011011010000
00100010101000010010
00001101100001100011
00011001010110111001
00010111101000111110
00000110000000110010
00001100000010111111
11110000001100001001
11110001011101010111
00000000111101100101
00000110110111110100
00000010100000110010
00001010011000001001
00011000000100000101
00000111001111111110
00100010100001010110
00001111111100000000
11011011111110111001
00001001000010100110
11101100101110000111
11110011100111100001
00001101011101010000
11111000011110010101
00010110011100110001
00011100000001101000
11011111100111010001
00011001001110001011
11100000100010001010
11111011110100100011
00011011011100100111
11101101011101001001
00001000111111111110
11111111110011001000
11100101001110110011
11111100110011101011
11101110010100010011
11110111110000010100
00011000100100001101
11100111010101000111
00011100110111010110
11100100100001110111
00000110010110011110
11100111001000100011
00000011011001110110
00000000111101001001
00000100111110111010
00010001111100001001
00010001111011100110
11101111010110100010
11101000111000101010
11101110111000101011
11100110011001011100
00010110101000010100
11111000000001111111
00001011111101110111
11110100110011000000
11110010111110010001
00000110111111001110
11101101110110100000
00000111100010010000
11110010011110110001
11101011010111000011
11110110001110111001
11100011111001100100
11111011111100001101
00001011001000100000
00001001110010000111
00000111101110010010
11101110111011111110
11101010101110011101
11101101000011011100
11100010110100010000
11110010101110100000
00011100010001001011
11111100000110010001
00000101011101011101
11101101011001011101
11101000100110111101
11101011001011101001
11101001001010101101
00010101001111110111
00000001100010100111
00011000111110100110
11111100100001010100
11110111100111111110
11110001111100000111
11110100111000100000
11100001010000101011
11110001011011100010
11111000111010110100
11101101101001010111
11111111101101010110
00001010000010010011
00010010100010100001
00001101011100010000
00000111100101000011
11111000110010110011
11101000101000011100
11101001110011010001
11110000100101110101
00010011011100000100
11110001110010010011
00001111000000100001
00000001000000001110
00001111100110111001
00011000011001110001
00010101100100001000
00100001000110111100
00000101011111100011
11110100000011110010
00011100111010111010
11100001010110010111
00000010110010111001
11100010001010110101
00001000011110001110
11110001101000111010
00001000001010101001
11111101110010000110
00011100111100101111
11101010111111010000
00010010010010100010
00001000101001000011
00000100100100111111
11110110101111011100
00010100110000001001
00001101100101110000
00011000001000111001
11111010001010010111
00001001001100110001
00010010010000101101
00100111010100000111
00101100010100011101
00001000101101111000
00000110011101000010
11111010110100111000
11110110111011001110
11111111111111101001
00010111001111010100
00001001100011111111
00010100111100011001
11100010010001101010
00010010110001100110
11101000011010001111
11111101010110010001
00000101111010111100
11111000010110000000
00011100100000111101
00010010000101001101
00011010110010001000
00000000111000111010
00010011101001001101
11111101000110011101
11011001010001100100
00001010010110011010
11101010110100100001
00000100010101010101
11110100111010100001
11110011001100011010
11011010110101110010
11100111000111000000
11110010011110111100
00000001110010001001
11110001100110000111
00000011001010000011
11101001101110000001
11110011010011001010
11100110001001001111
00001011011101110110
11111001111010100111
00000010110001010011
00001110011001101101
00001111001100001001
11101000101010001101
11110011001110010000
11100100110111110001
11011110111101010110
00101101001110001100
00001011001011001110
00001001111110001110
00010010000101111111
00011001001100100100
00010100110101111100
00100100110011101000
00011001000110011111
11100000101100110110
11011111111000011011
11110000011100010101
11100100000100101000
11110100010101111111
00000000000001001010
00000111011100001111
00010010111100111001
11101110000111111011
11111110000000011110
11111110011001111010
11111011000101011000
00011110101100010111
11110111101101000111
00010100010100000011
11010111011010110100
11111000011101011100
00000000110011011111
11101100011000101000
11110100010000010010
11110000100000101101
11111111111111010000
11100110010010011100
11101110000010111000
11110001001100110010
00010100101001110011
11101001100010111010
00011111001101001110
00001100000011100110
00001100010111010100
00010011010111111011
00010001111000001100
11010101110101011111
11101001011000111101
11111011010101010000
11110001110100101011
11101110001100011010
11100011110110010000
00001010010110001100
11011101110110100100
11110010000011100111
11011010110011001010
00001000010100011011
11110010001101101110
11111001111111101011
11100101000001000101
11101100001011100011
11100000111010101000
11011010010101100100
00011001010110001011
11110000000000110111
00001010001000111111
11110011110010000100
00000011100111001100
11110111011111101001
11100010000001000011
00001101100100100011
00000010010010010011
11111111101011000100
00000001000011100010
00000101111010001101
11111100110101110110
00010010101111000001
00001010011010011001
00000101010011001000
00001110101000100101
00001000100000100001
00010000001111110010
00000110110001001111
00011001001110100001
00101011001101100011
00001101000010100100
00001100100010011101
00010010100001101101
00011001101001101001
00100110001011011011
11100011111110001010
00001010100011000001
11101011000100010110
00000111011101110000
00100001010101110111
11110011110110111100
11111101011000011111
11101010001100110001
11111011101101010100
11110111111000000010
11110011001100100010
11110111011000011101
11101100001101110111
11101000100011010111
11101110001001111011
11100010100010100111
11100101011110010100
00000011001100101111
11110111110101010001
00001110111110000011
11101000010011010110
11110000111000101111
11111101010101101001
11101101011111110101
11100001011100000100
00010110001011100111
11101100111011110001
00001110001110011011
00001001110101000110
00001010110000111100
00001111000110010100
00010110010001011010
11110001000010101010
11101110110101110000
11100110111101000001
11110011001110110010
11110001011011011010
11100011110100011011
11110001100000100001
11100000111100100111
11100001111010010111
11101001000010111110
11100101101100010001
11111111011000001010
11100100100000001011
11100010100100010000
11100111010100011000
11011110011011110100
11101000001011100111
00011010011000101000
11100101101111110101
11110110011110110100
11101011001001000111
11110010110010010101
11101010011001001101
11100110010101010110
00001111100101010111
00010001010100001000
00100010101101011110
00001000101100101011
00011010101101100010
00010001101010110010
00011010010000010101
00001000110010101000
00100111000011000010
11101010110111100010
00010111011010001000
11101010111100101001
11111100110101010100
00011100111110011010
11110110101011000011
00100000110100111111
11101100110000001110
00001001110110111011
11100111110111110011
00010111001011100010
00000000001101010100
00010111000110000111
00000011101101100111
00010011011101000111
11111011110111010001
11110101100100111010
11111010001111000011
11111000011100111111
11101011010000111011
11011001101000100001
11100100101110000010
11101001011111101001
00010011100000111110
11111101101100000000
00100100010000100010
11111100111011000000
00001011010011101011
11100010110010100110
00010011111000101000
11101010110001000111
00001100000010101000
11101111000010001011
00011101011000000110
11100111010111100001
00010011011001101101
11011100110110011100
00000110100010110101
11110110110011110010
00010111111100101100
00001110100000001110
00001111101000010100
00010001010100011110
00001001111101010011
11111001011010100101
11101001000110010101
11111011101101110111
00000001011001111101
00100001111101100011
00010010010001001010
00010101011010011011
11111001110001101111
11111100010111011010
11111110100011000010
11100100100110111110
00001011100110100000
00010001001101101100
00001010010011111111
00001010010101010101
11110001010111001000
00010110110001000111
11110111010001010000
00010001011111100110
00011100100100001010
00000011100100101111
00011101001001100101
11110101010000001110
00100001000111001100
11101010000110010010
00011110100000010001
11110010100110001000
11011111010010110101
11110010001011000010
11100011111011000101
00000011101110101110
00000111011010100110
11110100111001010010
00010110100100001110
00010100001100100100
11111010110101010011
00000001000011100000
11100001110011110101
11101110110000101111
00001100000010010111
11110000010111110101
00010000100001111000
11111100000110011000
00010110000101110010
00010010101111100010
00011110011101100111
00010011101110101001
00000001001001011100
00000110100111110000
00001000100001000001
11111101001110011100
00011111001101110101
00010101000101001100
00000111110000001110
00101001001000111111
00101101001110011000
11100110100110000100
00010001011000101101
11100001111110010111
11111011001101100100
00001110100010011011
00001001001010000110
00100010110010011100
11100001101011101000
11101001100111010100
11110101101000011110
11011011101111010010
00000101001100000101
00101100001000001100
11101111010111110011
00010001110111100111
11110010111101101001
00000111100101000001
11111000001000100110
00001101001101001110
11111010101110011100
00001000001011111000
11111001111101010110
00000100111100111100
11101111101111111000
11100111010010100000
00010001110000111101
11100011010010000110
11110100111010101100
00011011011000110110
11110111011011011011
00010110000101101110
11100110101000111011
00001110100110101100
00000000111001101101
00001110010101100100
00010110110101100111
00001001000001111100
00011111001110001001
00011001101001101110
11101111010110000010
11101110000111110110
11101101010111010000
11110100010100010000
11101101011110010100
00000100110000111111
11101001001100101100
00100101011011011101
11111001110000110011
11111110001000101101
11010010111010111111
00000000100011011100
11111111101001100111
00011000001111001011
00000111101011110000
00001010101001000111
11110100011001000010
00011001000111011011
00001100111010001001
00011010111001100001
11110111110000100101
00000111111001111010
00001000011001111100
11101111010110110000
11101011011110111000
00000001111001110101
11100110000111111010
11110000000001000110
11101101100010010101
00010110000100010010
11111110011001111001
00100001101111101010
00000000000011100011
00011001101011001001
11110010111011001100
00000110010011011010
00000100010110010110
11110010001100110111
00000001111101100110
11111000000101111110
00001100010111011010
00001111111110010001
11110010101001111001
00001000111101000101
00100001111000000001
11100010001111010000
00011000010000100101
11100001110110010001
00001100011100001111
00000010011100110011
00001110100101010101
00001101011111101101
11110100100111001010
11101101100111100000
00000101001010001110
11110001001110000000
11101010001011100100
00001101101100110001
11100111011100111111
00011101011001101011
00000011011000001111
00001010111111101010
11111101000110101111
11110011101011000110
11011111000111010110
00011011101101011111
11100110010011001010
00100000110100111111
11111101011011010110
00011101111101001100
11110000110010001010
11110001011100001001
00000101010000100100
11110101111001011000
00001110000111010011
11100111101100111011
11100111101010100110
11100100011000110100
00000010110010011010
11101111000110010010
00010111101010010001
11101110100111101111
00011111011000101000
00000100011101000010
11110000111111110101
00000110000101001000
00010100110000000011
00010001110000011011
11111000000011111010
00001001111111011010
11100000111101011100
00010010001100001100
00010011110011111101
00010001100111111011
00100010010011001011
00010100110100101110
00010101001010010010
11111010010111010000
00010110001110100100
11111101000110000001
11111101010111101000
00001011101001110011
00000011001000001110
00000111001000111000
00001110101011101101
00011101110011101000
00010110001100100001
00000110000100100100
00000001111010111010
00100100001101001010
11100100100101011010
00010100000010011111
00001100011111000111
00011011011110011011
11111111111111110101
00010101101011011100
11011111110111011100
00000000011111110111
11100011011100011001
11111000101010001000
00001111011101110011
00010101000001101110
00011010101101101111
00010111101001111111
00001110011011110111
11110001011011101001
00000111001000001101
11101001000010010001
00010100000101101001
00010010000100100011
00100011011011011100
00010101101110110000
00100001110110110001
00010110000001000011
00011100100110101110
00011000100110000011
00010100101010011010
00011001101111110011
00011100010101110011
00011011001101010101
00001010001110001111
11101110000101110011
11101111011011011001
11101100001111000101
00010001110010111101
00000110100111011101
00000100011000000111
00001110011010010101
11110011011101101100
00011101011100010111
11110000110011110011
00010101010001010011
00010111100100100101
00001000100001100011
00010011001110100101
00000101100000100011
00011011001100010010
00001111010111001101
00010110000000110001
00001100111010000011
11100111001111000000
00011000000101100111
11100111101111110001
00010000001100010001
00000011111001110111
00000010110100000000
00000010000011100001
00000101000111010000
00101000100010000101
00001001010001100101
00010001001011110100
00010011001011111010
11101011011001000101
11110000001111001011
11011111011001000101
11100100101111011111
11101000011101001000
11110100111000001000
11100011110000001011
11011101111000001000
00011111101000111111
00000100001011010101
00011111111101001110
00000010101011010010
11011011000000111100
00011010011010111000
11101110000101000000
00010111001101011111
00000110010001111011
00000101111001001101
00001000001111101011
00100010111001000111
00011001010011111100
00001000010010100001
00011001100111011000
00000011101010010100
11100110100011010001
11111111101110101000
11110011010100001001
11111010010111101011
00001101011111011111
11110101000001011100
00001110101100000111
11110111011000010101
00001010001000100001
11111000001111000011
00001110110011010100
11111110010110011111
11111101100111101110
00010111011100100100
11110011110101100110
00001011110100110010
00001111101000011100
00001101100010000011
00010100110000000000
00001100110010000000
11011101111010111111
11011010010101100101
11101000100001011010
00000010111011110101
00010000110110100110
11111011001100010101
00000100110010001101
00000100110101011010
00010010100100100110
11110000000110110101
11111010001011001110
11010111000011101111
00001011001111011101
11111110101010111000
00011111010010000111
00010000010110110010
11110001001101101101
11111001000111010110
11011100100111001011
00001001000011111001
00001111010100110010
00001110001010001001
00011101010011110110
00100111001100011101
00000011101011001010
00000001011100111010
11111101010101001001
00001001100000011010
11101110000110010100
00011011010010101010
11100111110010111010
00011100110110000001
11111101110000100011
00010110000101011001
11111100000101110011
00010101011001011010
11100101111000100011
00000110000010110100
11111000101111101110
00000100000011101111
11110000000000100001
11110111011000111000
11110110011010100110
11111011111111010010
11101110011110101110
11110111000110010011
11100011011110010000
11101010001100101100
11110111100000011001
11100100001001101110
11111110111000000011
11101011000110110101
11101111000010010001
00001100000000001010
11011010011100101011
11100110011010100010
11110000010101100011
11100110100001100111
11100001111001101100
11111011110010011110
00011010001110100111
11101110001110100101
00011110000000110011
11101110000101010111
11011000110001111000
11101111100101010111
11101111111110000111
00001000010001000010
00010101010111111100
00001110100101111000
00100101101101001010
00010010111111110101
00000111111001101100
11110111000001010111
11111110110010110101
11100100111001011001
00001111001011111011
11110111110101111101
00011110011011100001
11111011101010110010
00001101010001110011
11101001001111101110
11111110011100100011
00000001010100101101
00000110100111110011
00010100110001110010
11111101100001110110
00000110111011110001
00000001001110010001
00001001110100000110
11110010011110001000
11111100011001110001
11110010100000011011
11111001011010111010
11101100100111011011
11011010010011111110
11110101010001111110
11111000111100101100
11100001001110010010
11110101001011011110
00001011100100010111
00000001101101101000
00000100011101101111
00000011110011001001
00001010110001111111
00000001011011011001
00010110110011101010
00001000010011101010
11110001000001001111
11100100000111010000
11111011011011100010
11100111101011101000
00010010011100010001
11100001111110100101
00000110011100010011
11111110111001000000
00001010100101100000
11101110011111100100
00101001011100000101
00000011110001010100
11100011000000100111
00000000001110111101
11100100010001110010
11111001011010000110
00011000000000000000
00000101010011001001
00000101000010111001
11101010100011011011
11100101111101110000
00000111100100010101
11111110011111100010
00000100100101101101
00011010011010001000
11111101000111001111
00011101000000001011
11110100111001000111
11110100101000110111
11110110010101110000
11011100001001001111
00000001010110000111
00010100000001001011
11101101001000010000
00010001000100010011
11110000111111111000
00010000011001100011
11111000101110111011
00000001110100010011
11100011100101101100
11101100111000111000
00010001100111011001
11110110110011101011
00001101111100111001
11100000000001101101
11101100000101101011
11110110000100010001
11011111011110011101
00000100001110111100
11101111001011011011
00011000100101110000
11101110001111110100
11100111100000111110
11101110001111000011
11100100000000010011
11111010110110000111
11111110100101001001
00010000101001101110
00000101001011011000
00011001100101100000
00010110011111001111
11011010110111001111
00001001110011000001
11110011001100110000
00000100110110010110
11111011010101001001
00010110000101010101
11101100100101100111
11111100011011001011
11011110100110011111
11100100010000110101
11101100101111110111
00000010000110101000
11110001001001011110
00001000101110110000
11110011010110001001
00011101101111111110
00001100010111111100
00001100000011010101
00001010010000111111
11111011011010111011
11101001000100000101
00001101101010101001
11101100101010101010
11100000101101111110
11101001011101111011
11100011011111111000
11011101011011010101
11110001011011001100
00000000000001111111
11111101001101000011
00000100000111000010
00011100000001100110
11100100100110010100
00100000110000010001
11100101001000000001
00001101110011011101
00010000010110000000
00010011010100010111
00101111000010110100
00010111110110110000
11111001000001000010
00001110110101011000
11111101010010001111
11100111110010111010
00001101101100001010
11100001100101000111
11111101111101010000
11011101001011100011
00011011010101110001
11100111110101011101
00011101110010100010
00001000000011111101
00100010101111000101
11111010001110001111
00011100100001110001
00011000101101010000
11111100010100100001
00011110111110000110
00000001000011011011
00011111000000111111
00010101011000000100
00000001110101010101
00101010000010111011
11100101010001011000
11110100011110110101
11100001010100000110
11110010011110011010
11110100101011011111
11110100100100000000
00000010100111010011
00010000111001100010
00000011101011100100
11101110110111101101
11111001100100000110
11110010000000010011
11101111010110000001
11101100110110000111
11101010000001110100
11101100000111111011
11101101100000100001
00100001010010001110
11101001011011110000
00011010101111001110
00011000101010110000
00011010011001010101
00010111100111001000
00001010000100001100
11101111001101001011
00001010101001010100
11111011100101101010
00000001101110011011
00011000000111100001
00000111000110110111
00100010000000100000
11111110010111110111
11101110101101100100
00010001000111001001
11011101001100001101
11101010001101110001
11101000110001110010
11111000011010001010
11011011000111001001
11100010010001101000
11110110101010011000
00010101100110101101
11110110101010100011
00001110010010101101
11010101110010000101
00000110001000111110
11110101111000001110
00000101111001011000
11111011000011100100
11110001011000110101
00000011100001100000
11101010110011111101
00000100111101100101
00000110010100101001
11110110000100110101
00001011100000101101
11111101010111011100
00010101000000001110
11111010000110001001
00011100001011100000
11110001010011101111
11111111010110011000
11111000101010110001
00100111011011100001
11011000001110110010
00000011011001101111
11101010110010110100
00001010010110010111
11111001111001000001
11100010011101111011
11110101010101110111
11111000001100110110
00011111011010001110
11010111101001000101
00001110010001011110
11101101111010011000
00000011001010110111
00010100001010011010
00010100100010111101
00100000001111110110
11101110100010011010
11111000000101100000
11111101110010001010
11111101011111111000
00011010111011010001
11101011010000011001
00001100001000001110
11011101010110010011
00010001011110101001
11101100010111100000
00011000111001111110
11100111101010100100
00001110000101101101
11111100110000011011
00100100100001100111
00001101110011100100
11110110110100110110
11101011110111010011
11111101010111010010
11011000110010110000
11110001101010001111
11110100101111001101
11101110111010011110
11110100110000010001
11100000101011011001
11101111111000101001
11110100101011110010
11101000001100001101
00001111000110010110
00000100000011001001
00001111101010101111
00010100101000011011
00000111011001000100
11110000111010101100
11111011100011100110
11111000101110001010
00001111000101001100
11101101010011000010
00001000000010000001
11110000100111000100
00010111011110101000
00011001100100011011
00001001001100001001
00100011111011011110
00010001011011101111
00000100110000011110
11111011100111101100
00101000111101011101
00001100101000101001
11101101010110100011
11111000100110001111
11101101001111001100
00000101101000001101
11111111001001100100
00011010001011100101
00000110011001001001
00011100011010101011
11110110011111100000
00010101110111011011
11110111001000111111
00010101000000001100
11101111011010001101
00001010011110000001
11100000101010001100
00010111010001011111
11101011001111010101
00001100101111100010
00000011110001011111
11110001111110111011
11101000110111001100
11101010110100110101
00000011111100001000
11011111110100100111
00011000110011100000
11110101000001110111
00010010100000101110
11101001011011000111
11101101101100111000
11011100100110100011
11101101101001011100
00001010100100111100
00001111001101100001
00001100110111110000
00101011111100001000
00011011000100010000
11110110011100011100
00001011011110001010
11100111011000001001
00010101001100001101
11101110001101000110
00010000010000101000
11111011111010011010
00000000001001011010
11110110100000010011
11100101000010000100
11111101000001011011
00010110101101111001
00001001110100000101
00010011001010100111
00001100101100100101
00010001110001000101
11100010000111000001
00010100101100110011
11101011010101101101
00000100000100011101
00001001111011010000
00000101001011010101
00001111110001111010
00100001001101010111
00000100111001011010
00011001001101000001
00000100011100011000
00011101000101110000
11100100111100011101
00011110001110111111
11100110000011010001
00010101011000000011
11110101000101010111
00011011110100111000
00000011000110110110
11111010110011111001
00011001011000010001
11111110001110111011
00010010101001110010
00001100100101111101
00011110100000101101
00011001100111010000
00011111111000110011
00011010010111111101
00011101001011100000
00100010010000101001
00011111010001101000
00011100101001101101
00000111011100001000
00100001011101010111
00000000001011000111
00010100011101010111
11101000100101000101
00011101001010001010
11110000110110111110
00011000000110010011
00101100011111001011
00011011010001100011
00010010111011000000
00000111001010010111
00011010000001101100
00000001011011101100
00100001000110101111
00100010100000111111
00010000000100111101
00011000100111101011
11110101000100011001
00010101100001100000
11111110100000001010
00011100011001101011
11101011110000110111
00000011011111001111
11011111101110100011
00001111111101111011
11101000101111011100
00100001101010101111
00000001000110110011
11111111000101101110
00001100000111011010
11100101100101011100
11111010101100101011
11100000111001011101
00000000111110011101
00000011110100000010
00000110010010010011
00001001011001000010
00000110011111111010
11100101010011000011
11111101110011001110
11101000100010000100
11111101000100000101
00010000010110001001
11011100111100111101
00011111010011001110
11101001101110100111
00000001010110101101
11111101111010010110
11111000011111000011
11101100110001000110
11111110011000111010
11011111010010111100
11111000010010101010
11110110010010111110
00011001100001110001
00001001010001111000
00010000100101110111
00000110111011001010
00001001101101001110
11011101110111110000
00100110100111110111
11100011111101111010
11111001011111110011
00000001011110111011
00010000111000100001
00010000000100101000
11111100110110111111
00000100100110010010
00000110110101111101
00010100010001110110
11110010011110011101
11100010100000001011
00000110011011001111
11101000011011011010
11111110000011101100
00001111110101010101
11101110001001000101
00101001010111000000
00001111110110111101
00100101010110101111
00010011010110000101
00001111101010010011
00010000001011100010
11100111111100100010
00010100010010000000
11111010101110001000
00000001001101100000
00001001001011000011
00000111110101100010
00000000000001011000
11110010010000111010
11111100100011100101
00000110110110011111
11111111000011001000
00000011111101111100
11110101110010101111
00011011101011000110
11101011100011011000
11011010011101001010
11111110011010011100
11111000001100101100
00001100011110001111
11111000111010101110
00010101010000100101
00000110001000111111
11111110100100001110
11011001010001110111
11101011000011010110
11101011011000100010
11111110101101010000
00010111101011100001
11100111011011000101
00011101100010011100
11101001111010110001
00010010110101010000
00000001111111111011
11110111110011110010
00010111011000001011
11110001000000010011
00011111110100100100
11111010100000111000
00001100100011101100
11011101000110100001
11100010010100101111
11101001110011101011
11100000010100001011
11110110000101010110
11101000111111111111
00011001000000000110
11011111111111001101
11100100110110011010
11101110001110100100
11111001100110001110
11110000111101011010
00010001100001111001
00000000111111101011
00000001101111010000
00000001000101100111
11100100000011100101
00100011001101110110
11011110011110010101
00011000001101101001
11110010111000001110
00010010010011110110
11110010010000111111
00001110010001010101
00011010000001100011
00000111100011111101
00011000111101111101
00010101101011011101
00101001011111101101
11101000100010010100
00010000101101101010
11111001101111000101
00000010111111110001
11101110010110101111
00001000101110011111
11101011101010101100
00011011011011000001
11110000101110011010
00001010011101011101
11101101001001011001
00010100111001010010
00000011110100011110
00100000111101110101
11111011111101000001
00011111111001011111
11101111111100001111
00011100110011000110
11101001010011111000
11111000000100100110
00010010101111100111
11101111110011000001
00000110000100010111
11101000111011001010
00010100000010000101
11100100100101100110
11110111111110100100
00000101011010110010
00000100011001110000
00000001000101011110
00101011000100101100
00010101100010001111
00100010010010101111
00010000111011001101
00010011001100100011
11111011111000100111
00000111100110110011
00001101101111010011
00000101111111010110
00000001011101100010
11111010111001111001
00010111011110111000
11111001110000011111
11100000011101000100
11111110011111101010
11101010001101011110
00000010111011010101
00011010111001101111
11111010100111001110
00001101101010011010
11011101101000111100
00010111101010011001
00000011110001010101
00011011000001010001
11111110001100101000
11111100001101011010
11011111110110000010
11110100110011000011
11101010111111011011
00011011010001101100
11011011110010010001
00001110101111000011
11111010110011110010
00010001100100110000
11111001010101101001
00001100010110010100
11111110100111101011
11110001110100111000
11110000101110110110
11100010001111101100
11111001000000000010
00000100100101011000
00000100010001111000
11101111110000000101
00010110010110001010
11100101010010111000
00001101101001101100
11011110100110000101
00010010110000100010
00010010101111010010
00000100001100100010
00011010001001011111
00000011010011001111
11110011101101110111
00011100000111100110
11101101000010111111
00011010110100001010
11111000010111011101
11100100100111000111
11111011001000011100
11110010101010100010
11101010011110110110
11111001010011110010
11110001100011001010
00001001100010010110
00001110110011010010
11100111101010111101
00001000001110010011
11101001110100100000
11110000100001110010
11010111010100101110
11100100001111111111
11101001011001100110
00000000111101011011
11110000101101001100
00001010000001000001
11100101100101100000
00001101111101110110
00001110100010100010
00010011000101010010
00100011000000000010
00001110110100001011
00000001110101110010
00010100101000111101
11111110011001110100
00000101010101010001
11110111101011001011
11111101101100000000
11101110100100101110
00010001111110000111
00000001011111101101
00011001111011010101
00110001100011010000
11101010101001110011
11110000001100100010
11100000100010110000
11110001001011010110
00100101010000001110
11110011001011110001
00010001010010111101
11110011000001100011
00000000001011000111
00011000110010111001
00000000110100110010
00010100110110110110
00000000111101010100
00011011001100011001
11111011101010100100
00011110010111100111
00010010100111001011
11111100000100100110
00011101101110011010
11111111111110010010
11110110101100110011
00000111011001110000
00000101000000111000
11111000010110101110
00011011100011001010
11111110000111000111
00010110001010100011
11011111101111000000
11110101010010111111
11111100010101100011
11011100100101010110
11110110000101010010
11011100110101110110
00000110011010010011
11100100111101100111
00001001010100010110
00001110001010111000
11111100001011110110
11111101001001000001
11111011010010110111
00110000111110001001
11101110011100110000
00001001101001100110
11011101110001001001
00010010111111010110
11101111000101001101
00010101010100011111
11100010111001110001
00000011000111001111
00001110101001111001
00000111110010100101
00000110110011110001
11101101110011110000
11110010010110101111
11110001001000111110
00100000111001110101
00001001001110010001
00011011111011100011
00100001101101011000
00001111000010100111
00001111011010101000
11111001110110001010
00010111110011111101
00010011001000100000
00001111000100100101
11111010010101010100
00000100100100100011
00000100010101111100
11101010011111001000
00001111011001001001
11110110010010111011
00100010000101100110
11011000100010110101
00010000101101101000
11101010111111100001
00100010011000010001
00000010001011001110
00100001011011011001
00011000001101001110
00001000111111000111
00001000110110011100
11111110000011010100
00001000110110000100
11101101110110100110
11111110110000001001
00000001000000001100
00001011110011001001
11110100111000101100
11101111101010111101
11110111010110111000
11111011110100010110
11101101011011000110
00001110010111111110
00000010001111000110
00000110111010100101
11110110011110100000
11110000000000110101
00010011010110110011
11110010011010111010
11110100010010000101
00011000101101001100
00011011010111011111
00001010100010010110
11110010011011000001
00001110100000100110
11111011101111011000
00010100010101010101
00000001000110101111
11111000010000011010
11011100101110011110
11111000110000101000
11100111000100100100
00010100011110000010
00000100010100001110
00010111110110111001
11101111111010101001
00001110110101101101
00011011000001000011
00100111100111011110
00000011100101000001
00010011001001001011
11101100000001001100
11111111100101101100
00000100100100010010
11110111001001100001
00010001101100010101
00000101001101100100
11110011110011110111
11110110111011010110
11100100110011111011
00000001000110111001
11111111000011101110
11111011100010101110
00001111100111011101
00001010001101111110
00011010010101111011
00011100011000101010
11010110111000001011
00010011100110111000
11111000100111000100
11111100010001110000
00010110001010010001
00000000011011000001
00010100101110010010
11100100001110111000
00001111010100011100
11101100101100110100
00100000000110100000
11111111100000101011
00001001111111010001
11111011000101010000
00010010011101000101
00001100000010001100
11100010110000011110
00010111100110001001
11100110000111110011
11100110101010111100
00010000111010110100
11111000000010001001
11111011100101001011
11111011011000011000
00000111011100111100
00011111010111000000
00010111101011100010
00010001000001000101
00000001101010110111
00011000111110101100
11111111010010000011
11101110011100111001
11101001001011111010
11011010010011001101
11100001101100001011
00010001000101011110
11111011111110010000
00100001111110101001
11110001010010110001
11100001010001010110
11100011111000011010
11100100000110000101
11101110010101101001
00000101000000110011
00001011100101011000
00010100011111011011
11111101100011001100
00000000111000011010
11100001101011101001
11111010111101100000
11110000011010001100
00001001100101110010
00000001111101000011
00001001111010110110
00000010000001010100
00011101000000100000
11101101100001111001
00011010110011000001
00000100010011000111
00011100011010110001
11101101011010100111
00011111110000101010
11101110001000000100
11111101011100111011
00010011111110010011
00000001111111011001
11111111011001101110
11111010000001110101
11111111110001000111
11110111110101101011
00100011011110001100
00010001001101001100
00011000011010001011
00101110110001000111
00010110001101110011
00011011110000111010
11100100000110000001
00010100000010111010
11100100111001001111
11101000110101110001
00001001010001011101
00000010011001110111
00010010111110101110
11111000000010110111
00001101100001010001
00000100100111001110
11110010000010011000
00100111000101011101
00000001001110101010
00010111111101110110
11111001000111100111
00001111110100010011
11111011111001111001
00001101001100010100
00000111111001110010
00000101110011000110
11110010011100011100
00000101011100010101
11011111110101000101
11101100111011111111
00001110011011101011
00000111000100010001
00000010001100100010
00001001010100010101
00000010011001010001
11101100001101010001
11111100001000011010
00010001111100100010
00100110000010000011
00100111111011010010
00010110111000001010
00100001010010001010
00011011001111010101
00001001100000001100
00001100111001100111
00010100000011111001
11111011001000111011
00000011000001100011
11110101010110011001
00011000010010011100
11101000110111000111
00010100011110001010
11111011011010110111
11100111100010111101
00001110001011001111
11111000011111100011
00011001101011010100
11100111101111011111
11111111010010111111
11101010011001000001
11111000110000010000
00001111011011111011
00000100101011111010
00100100011100100011
00001101010000100100
00010000100010011111
11111111011111110000
00000111001110101011
11111100001011100001
00010011110000100010
00010000001110111001
00100000110100110001
00100001000100110101
00001100111001100100
00011100000100110011
00000011010110110111
00011000110100000000
11111100010000110111
11011010010111010111
00010000100101001011
11110000100000111100
11110111110110000010
00011011001111111010
11111000110100000110
00001100110010110100
11110110100100001011
11101100111001101110
11101001010010111111
11110011011101101010
00010001101011100101
00010110011110100011
00001101111001010001
00100110100111001000
11111010101111011110
11100100100101110110
00000000010010000010
11100111000011010100
11110000100010001110
00001001001100011100
11110111110000011111
00010011110101000010
11010011000010000110
00001100010010001011
11110011101011111000
00011010010001000010
11110010111001011100
00000010000011101011
00001110011000000110
00001100101001101000
00000111101000100101
11111111101010110110
11100111110010011100
00001111111111110010
11110110110000010111
00000010101001010000
11111100001100000110
00010110100001000011
11111011001100101110
11100110101110001111
11110101011001000000
00000010000111100100
00000001110011001001
11111101001011011010
00011100001110011000
00010100011001011010
11100000101100000000
11100001001011111001
11100010001011100111
11100101101101000110
11111011000010101101
11101001110111000101
00000100001111111001
11011110110100001110
00000101101111101111
11111000110010010101
11110111001010101011
11110110010110111000
11110000111011111110
00000111101110010011
11101001010100111000
11110000011111000110
00000010101000011100
11100100110100011011
11111111111010101110
11100010000100100000
00011000011010101000
11110010100110011001
11111110101011001011
11111100111011111100
11101001111001001011
00011001011011010100
11011010111110001001
00100000101101110111
11110101000010111010
00000001111100010111
11101100001110101111
00011111001101001010
11111111011110100111
00000001000001110000
00001100111100011001
11110110000101101100
00001001110110001101
11101100001101110001
00001000000101010010
11100100101011111001
11111001101000100000
00010001100111010101
11111001110111101010
00011111100100010011
11110010011110110011
11100010110110111001
11110001000001111111
11011101111011001001
11101111011110010110
00011101100101001110
11101111100100010110
00011010010100000110
00000001001101011010
11011011010011000010
11111101011101100100
00000111001111010001
11111010010101101111
00000110101111110011
11110000001001101011
00011001000101111100
11110001000100110011
00000011000100000011
11101111000110110010
00000110111111101000
11101111001010001100
11100101001111100001
11111000101111101101
11100001110101100111
00010011000001001010
11100100011111010110
00011110010101000010
11011110001110101010
00010010111011011010
11110011010111001000
00001010011000110111
11100110100100101101
00100101011101001111
00001011010010111000
00010110011010001100
00100111011000111010
11101010111101101000
11011111100000110010
11100100001011100011
11100101011110111001
00000010001110100101
00011001111110011011
00010101111101001010
00011111000111011000
11111010101110101010
00001001010001011011
00001100111111100110
00000101001010000010
11111110001001110011
11010011101010100101
11101110110010011010
11110011010010001110
00011000011000101011
11110010111010111101
00011100011101100111
00001010101110110010
11011010101111011110
00001111010101110000
11101100001100011101
11111110100110110111
11111100011110010101
11110000100111010001
00000011101001011000
11111001111000011101
11110010100100000110
11111000010100011010
11100001000101100010
11110101010110011001
11011111110010001001
00010100001011110001
11100000111111000110
00010010011101100000
00000001111111000110
11101111010001001011
00010011100001110111
11100111100111110010
00010001011011001001
00100011000011110100
00101100100110001001
00001110010101101100
00000001110100110001
00011000000011110000
11111010110011111000
00100001101100011101
00001100011101011010
00000001101111010110
00011101000110000110
11111000001111101000
00100010110010100110
11111101100001111110
00010110011010100011
00000011110000110001
00001110000001110000
00011111100010101101
00010000011111000010
00011101011100010010
11100011111101101011
11110100011101101100
11101010001110100101
11111011100100000010
00000110011010000001
00010100010110000000
11111100010011000001
00001110110001001001
00000000010110000000
00100001100001111110
00001001001101010001
00001101000011011010
11101101100001011011
00000000100110101100
11111000101010001000
11111110111100110100
00000110000101010101
11111110001100011100
00000011011010111011
11110110101001010000
11011100110010111111
11110010110011101011
11101011100000111100
11111011000101110100
11100110110011111010
11101011111111011100
11100000000010111111
00000100000000111111
11110011011001010100
11011010110101110001
11110110110100010000
11111111010011010101
11101100111010101111
00000010010011000111
11110111101111110101
00010101101001110111
00001010000011000010
00010001010011110001
00010011101010010111
00001110101010111111
00011000110111101100
00000101111111011110
00010010111101001010
00001110110111010010
00001101100011011111
00100101001001110001
00001010011101001011
00011001001010100010
00010000000010100101
11101001011101011101
00010000010100111110
00010110000111101100
11111100000101101000
11110100010011011111
00001001111011001110
11111111010001101001
00000101110111110111
00011110100001001000
00000010101001111001
00001001010101001101
00011001111111000001
11110100001100101000
00001010111111000010
00001000010110011100
11011000110001101010
00010001110110010001
11110000100010111110
00001110010011110001
11110011101101101111
11110101101011011111
00010001001011100111
00000101100111110101
11100100011111110100
00000001110110010101
11111001100100101101
11110001001101011011
00001011000010001000
00011100110000110011
00001111000100101010
00011010100100101000
11111000000011000101
11110110101000011000
11110110011100011111
11111101100010110110
11101100001001100111
11110110001111110100
11101110010001011110
11110101000110000010
00011001000001010001
11100010000100011100
00010111011010000000
11100101101110110111
00010011100110001011
11101110110111101000
00001110101101110001
11101110111101110110
00000011101110001110
11110101110000101000
11101001100100110001
11110110101011100010
11110010001110110110
00000111011101011100
11111100000000111010
00010111011101111111
00010101111010111100
11111000100010001000
00011101011110000111
11110000001101110000
00001001100010110100
00011101000000010011
00011111000111101100
00100000100101100000
11111010101101011000
00100011011011011110
11101101111110000110
00011010100101001000
00100010100101110011
11100100001010111010
00010001000000011000
11101001010010010001
11110101110101100010
00000101010000000011
00000011001110011000
11111011110111111100
00001000000110110000
00011101001000001000
11111011111001001100
00011101001110100101
00001010011000111010
11100110100011011101
00001101010001100000
11110100000110100110
11100101000101000011
00101110001010010001
11101000000001111000
00001100100110110100
00000010000110100011
00001110001011011111
11111000000100000110
00000111011100000111
00001010001010101111
00011001100110100100
00010000100010000001
00100001000001110111
11101110111000111000
11111000000101001011
11101111000110100010
00000011011001101001
11110001110111000101
00011000110100100011
11110010100011001101
00000101010110100101
11100000000001110000
00000000001110011010
11100110101001111110
00001000111000110000
00010011001110100011
00000100111101001000
00100100111111111111
11111000110001111011
00001100111001001010
00010010111110110000
00011100000000010001
00001111110001001101
00011110101101100110
11100100000111111000
00100000000011100111
11100000001100001000
00001000100111000011
11100011100111001000
00001011111000111100
11100011000101010111
11101000100110100110
00001110001111011000
11110010110000101011
00000100011001110111
11110001000001001110
00001001111101011110
11101101110111011001
00000101110001100010
00010010111101010100
11111101011010000011
00011011010000000100
11100110111011111111
11101110100101011101
11110000000110101000
00000010101010111101
11100100101101110000
00100100000001101001
00000100101001000100
00001000011111001101
00000101111101000101
00010011110101000111
00001010100100101100
00010011110001010100
00000011010110101011
11110110100101000010
11100101100010110010
11100110100001010110
11100000101011011000
00010111111011001100
00011110000110100110
00010001100000100110
00001001101001111110
11110110111010110111
00100011011111010110
11100011001010101001
00011011101010001000
11110011010000011110
11101001101010001110
11111000001110010000
11101111101010101011
11111110011010010001
00010101110011110010
00001111001110011111
00000101101010100101
11101111101100000001
00001110010111101000
11110100110111100011
00010111100111111001
11111001111000110001
00100001111010110011
11110111001011100100
11111011010110100101
00001101011001001101
11111010001100100111
11101000100101110000
11111010011100111000
11100110001100101111
11111010110000011010
11100110000111100100
11110110011110000110
11110000101111101000
00100001111110010100
00000010100100011010
00011101011000101001
11111011000101001011
00000101111111001000
11101011001101101011
11111101111111110111
00010010011111110110
00000000000000110000
00100111001011010101
11111010111100111000
11100100110001111010
11111110010010010000
11100100100100111000
00001100000001101111
00000000001110100001
00011011110110111110
11101100010011100111
00011111001111101010
00011101001100110011
00000001100011100100
00011000011011000001
00001011100100011011
11011110111010111011
11111011100110100001
11100101110010001110
00000000110101000111
11101110000110110011
00000000011001100001
11110111111110011001
00010010110111001011
00001100010101101100
11110111100111000111
00100101010011110110
11101001001110011000
00001010000111101100
00001101000001111011
00001001110011110000
11111000111010101000
00000001110000011111
00100101111111001011
00001111010100110010
00011000001110111100
11101100111011001110
00001010011110000000
11100111011010100110
00011101010101000100
11011101001010111100
00000110001101010101
11101111010001111111
00101110000100100111
00000001101110110010
11111101001001100010
11101110011111000100
00000011011001111001
00000111010000011001
00000011000100011010
11110011011110110110
00000111011101110000
11110111001100100010
11110011000001111001
11100101101111001111
11111011001011011110
00011101011000001011
00001000111110111010
00010110011010011011
00010011101000110011
00100100100101000111
11101010101001110010
00010001110000110011
11011111101111110110
11101111101100001110
11101001111110110100
11101001011011101100
11100101100011010100
00010110001001111100
00001000010011000000
00010101010000101000
00001110110001100000
00010001000000011100
00000110011010010100
00000101011010101111
00000110100001010001
00001010111011101101
11110110011101011010
11110100001000001110
11110110111011101011
00010100110011000000
11110110010101001000
00010111100001010011
11111001000011011101
00001000111110011111
00011111011000100110
00010000000001011110
00011011100111001111
00001101001010100010
11101100111011000110
00100001011001011100
11101000110100001111
00001011110100010100
00001101001101110010
00110001111111111100
00001101100111100101
00000011110011101111
00001010111111100101
00000101001110101000
11111101000011100010
00001010001010110010
00000010000000011011
11110101000011001100
00000010011111010001
00000011011000011000
11111010110110001001
00000000110101111101
11101110111110110011
00001100100100110010
00001111101101000100
00000101011010101011
00000100100111100111
11110000000010011010
00000101100001011100
11100011011001101101
11101011001100111110
00001110100011000110
11101101001111011010
00011000101010000100
11101111001100110000
11111001010010100100
11101100000100010001
11111001111100101001
11100010010000100111
11111100000001001110
11111011001110101111
11110001010011011010
11100110110110010100
11101110001100100101
00100100010100001111
11110000111111010101
00001010111000011000
11100100100001110110
00011010000101100001
11101010101100110011
00011100100000101001
11100011101101100101
00010101001010111000
11100101010110000111
00100001001100110111
11100110100111011101
11100110000101101110
11100100010000000110
11110101010111010011
00000001000001110000
00001000011011110011
00000101000001101000
11111110011010010110
00010111110110011001
00000001101101001101
00011100100001101011
00000111010111000110
00011100000101010101
00001010101110010110
00000000000111000100
00001100001010001101
00000000010110001011
11111111101110110101
00000111010000000101
11111011101111011010
11101001000010101010
11111011110001110000
11101011100100011011
11111011100100010010
00010101010111111101
11111110001101111001
00001110000110011100
11110010111011011000
00001001011101010000
00010000011100111110
11111000110000000110
00100011001000111110
11101100000010100100
00010110100111100100
11010110110001000110
00010000110101111000
11110100101111101101
11101011100001000000
11100110100111011101
11111010101001000101
11111110100010011010
11111100000010110000
11111001010111011110
00001101001101001010
11011100011001111001
00010100011111101001
11100011110111100000
00100101001111110101
11101100001110001000
00000100001001100100
11100111001001101010
11111011011011100101
00001000011001010001
00010010110011000101
00010100111101010110
00011011010000110010
00011000101010110000
11100001101010101100
00011011010011101000
11101000001110111010
00000111000110100100
11101100110010011110
11111100110101100101
11110000010011101010
11111111001110011100
11101000100111010001
11011110001000000011
11101110101101100011
11100110011010000000
00010110011010101100
11011011101000010101
00100100001001010001
00001001100000111100
00010100011100001011
00100100110111010110
00011110010011001011
11011111110101000110
11110111101000111100
11101101111111000111
11011111010000100111
00001001110100001110
00010011110100011001
00100010111110000111
00101011110011011000
00001110001000110010
00010010110011110011
00011110000100010101
00011101101011111100
00011010011100101000
00011011000111110111
00001111111011110110
00011011101010011010
11110110000110001000
00011101101101101000
11101100101001101000
00010001011000000101
11110000010101111101
11110101101101110000
11100101111100011011
11101001100101111111
11100011110100000101
11011100100010000001
11101010111110000011
11101101101111101001
00000000101110011111
11100111100100110001
00010011000100101110
11011011110001011011
11100111111101100011
00000011101011110000
11101000110110100000
00011101100100011001
11110011001110011001
11111100001000111000
00001111101000011010
11110110101110010010
00000101010111111101
11110011010101100011
11111001011001110000
00000100101110000111
11101100110001001000
00010011100011010100
11011110011110010100
00010010100101110010
11111000011101101000
11101101011101110000
11010101101010110110
11101110010001000010
11101010011110001010
00000000111010000111
11010111001010010110
11101111010111100101
00100010010001001001
00011100110010110101
00010101001011111000
00011111100100011101
11010101110110010111
11110001100011000101
11101111001110000101
00001010100001111010
00001001010111001010
11111111011001011010
00010011010101111000
00001010111101010001
00101010010011101011
11100011011000001110
00001100010101001010
11011101101011101111
00011000101110000010
11111101011101001100
00011100111110110111
00010100101110000101
11100000001110101110
11110010110001100111
11101101000111010101
00001001010110101010
11110111100111001100
00001101100101100111
11101001101001011110
00100010110011011111
00001011000000010111
11110001101010010001
11111101100011011101
11111110100001010010
11011100001000101000
11100011111101000011
11100101100000100111
11110011111011101011
00000101001010101101
11010110010101111001
00010011010010100001
11101110000100101011
00001010101101101010
00000101101111101111
00000111000001010010
00000110010011110100
00000001111000010000
00001101101000010010
11100011010100001111
11111010001110001011
00001011111101110010
00000110100001000000
00001000101111001010
00000110101000111011
00100111100101101101
11100000011111101101
00010011001111101101
11101010111010000101
11110111011011100100
11011111100000000111
11101110000111000111
11100111000110100000
11110011001010010100
00000011000110000001
11110111001111100111
11110110111011000001
00011100110100000000
11111011110000011000
00011110101111011001
00010100101010011001
11101001111101010001
00001000011101101100
11111010110000011011
00010001111011011100
11100100010101111010
11011000011010010010
11110011010000111111
11101101011011110000
11110011011100010010
11111000101010000001
11011011111100101000
00010000100100100100
11100001000111011101
00000011010110101000
11111001100100110001
00010001110111110101
11100101100000000000
11111001111110110111
11101111110001111100
11100011100111110001
00010001010111100000
00001101111111100010
00011001001000101100
00010010011111111000
11110010111010000000
00000010011100100110
11111000110101000001
00000011110010000111
11011101111000111010
11111000110111111000
11101110100011001110
00000010011110110111
00000011000000110001
00010111010010011011
00000110101011100110
00010100100010000100
00011010001011010100
00010001101011100111
00000110101011010101
00010100001110000110
00000110010000110100
00000011111101010110
00100101011111000001
00010001001100010011
00000101100110011011
11011001000001000110
11110111111100010101
11101111011111110110
11110001001000111011
00000010011010101111
11110000011101001000
00010000111010110101
00000011111110100011
11110100101100000110
00001111100110001001
11111100001001000100
11111110100101100011
11101000100000101101
11111010000011011001
00010001100111111111
11111010000100011111
00010101100110001100
11110001101011010000
00001100011101000111
00001000010011101110
00001000011111110101
00000100010111111101
00000100100000001110
00001101010110101001
11011001100000110010
00100100010010001111
11101101100010010000
11101010011101110101
11110010000101110010
11100101100100110101
11111100100100000001
11100101101010011100
00010010100000100000
11101011011010111111
00000011100101110111
11100010110011111011
11101110100100010100
11011101001101111110
11100100100100000110
11101110110111000100
11111111010011010001
11110101100001110111
11111000011010110110
00001100101110011001
11100011100111111100
00001111010101110100
11011111011011111101
11011110001000011010
11100000001011101010
11100100110000111110
11101000001001011100
11100110110101100011
11100110101110000100
11101100100010100000
11101100011011100010
00000100010010011000
11110000000000111010
11110111001101010000
11100000110010010100
00011011010101011111
00100000100011100011
00100010100110110001
00011100110110111001
00011111110100110000
11110110011100001101
00001100111101000011
11100001111111110011
00000001010000011101
11101100111101011100
00000000000110101010
00000100010110010000
00000100001101100001
11110110010010011011
11110101001011010010
11101000111101001000
00010011111110100100
00010011000010111110
00101000010001011010
00011000101000100000
11111001000000000010
00101010100010101011
00000010101100000000
00001111010000010100
11111001011011000111
11101110101011101001
00000101111111011110
11100110100100010101
11100001000101000010
11111100010101001001
11100111110000000010
11011001000001001010
00101011101101101111
00101001101000010000
00010100000101011000
00010100110000111111
00000000100111011111
00011011010100100011
11100111010010111101
00010111010000101100
11101101110111110111
11100101101111110101
11110001100000010000
11100010011101011110
11110110110100001001
00100000011011100110
11111001111111011000
00010001000100110010
11101101110110001110
11011101001011111111
11110000110001000111
11100110100011101101
11100111000001011110
00001100101101011101
11111000110101111010
00000110110011100000
00011101001000110101
00010010110001011111
00010011111100010011
00000010100010001000
00001010000101111101
00010001111011110110
00010000110101111000
00000110001101101100
00001011110100000101
00000001111011010001
11110100001111001101
11110101011101111100
00011111101100101011
11111100100101010010
00001011111001110101
11111111011011001111
11111100011001101101
11101011011100011110
00000111111100111100
00010001111100100010
00000000000111110111
00001100000110001011
00000001010110100110
00001010101111110011
00010000110000001111
00000000010000000110
00100100001000010100
00010111000111000110
11111110000110010111
00000001010011010010
00000111101100011011
00010110110111010000
11011110101001101111
11100000100100001011
00001000101001100100
11100111001111111101
11100101010010000111
11011100000010000001
11101001011001010000
11100101100011101001
11111101011101111011
11101101110110101101
11100001111101100100
11101010111100011110
11111010100111101111
11101110110010000110
00000010101011000011
11111000101010000000
00001001001011100011
11110010110100110010
11110000000000011011
11111000110110011011
11100010100101001111
00000111111000001111
11101101001010100001
00000010010110111000
00011101011111111011
11011101011001001010
11111001010110010010
11101001101111000011
00011000111110011000
11110100110110101101
00010011011001000001
11111101110010110111
11111100000000111000
00010010111011111001
11111000000000111101
00100110111001010100
00001111010011000110
11110000010001101111
00100010001100110001
11101010100110110110
11101001010100111101
11101000110011011101
11110010010010100100
11100001010001100101
00011100010111110010
11101111010000101010
00001001000001110110
11111011011011010100
11100111011100111001
11111110001110001011
11101101111010011010
11111010011101000100
00010000111010001011
00010111111010000111
00000110001111000110
00011110010000101110
00011000101111101011
11111100101011000001
00011001010000110110
00000010001000100100
00011011011011111001
00010110011001111111
00010111010110111100
00000000001000110011
11101100110110000000
11011011001111101011
11101110110011111100
11101001000111010111
00000000100000100101
11011100101010010100
11101101100000111000
11100110110001100011
11110010110111010111
00000010111011110101
11101100101011101111
00010001101000111001
11101111110010111111
11100101000100001101
00000010010001000100
11011111001110010001
00100001110010011101
00011000100001100010
00011100000101101111
00011010001101000001
11101001110111100001
11111010111111010111
11100110011001111000
00011000110011010011
11111000011110001111
11100101011011001101
11111000000000110101
11111100111001101001
11111011011101010110
00000110001100111001
00000100010111110011
00011000010101110011
00001000011110100100
00100110100010101100
00001011010110111100
00001001110111110001
11100100100100010011
11101111010001011000
11100011001101000000
00000010101000000110
00000011000011101010
00000110000111110100
00100001001000011101
11111110000001100110
11100010110111001100
11101100001110100101
11100101000101000100
11100100010111001101
11100001010000000000
11110000001100111001
11100100111111101001
11110111111110000010
00010111010110110011
00000111101110101100
00010001011001110100
00000100011100100111
11110011101001011101
11111101000110100001
11111000010010000111
11111110000111001010
00001100100100100100
11111011010010110001
11110010010010101001
11110111101101011010
00010011010111011011
00011000111000110010
00010000100100010000
00000100011011010101
00100000000000100000
11101010010101000110
00011101010000101100
11100011111011001010
00010111000100000101
00001100100011101001
00100101101010000011
00010000011011001111
11100100100010001111
00001101110101110110
11100101001111101111
11100110101111110001
00010111001111100100
00001110010111000111
11111011111101100100
00001000011111011011
11100001101111101111
00011001101101110001
11101010001100101001
00001100011010100001
11011011110111110011
11111100111111111010
11101000100111000111
11110110111001110000
00000110000001111100
11010011111000010111
00000110101010001111
11101111011110011111
11101111000000010001
11111110001111100110
11111100010001010000
00010111101010001100
00000000100100101100
00000000010111001001
11100100100001001000
11101111110101101001
00001110001010101010
00001000100110001010
00001101100100010111
11111000010001011101
11111011001001000111
00000111010000011011
00001001010000111010
11110000011100011101
00011001100110100000
00001001000101110101
00011001100110001001
11111101010111100101
00001000011110011100
11111010110001111101
11111011101110001000
11110010100111010110
00001011001101001010
00000111001101000010
00000010001000010010
00001010110110111010
00010011100101100100
00001011001111001111
00100101001100011111
11101011011010010000
11110010011010000101
00010010110010111110
11101110110111110000
00010001111010111111
00011000000101111011
00110010000001101110
00010111100110010000
00000110101010110101
11111110110111000100
00001011100100111101
00000100001010111101
00000111101010101011
00001100110111100000
11111000011100010000
00000100000001001100
11101011001010110011
11110000101111110110
11111011111110001011
11110001110101100001
11110111010101001100
11010100111100111100
11110000000011010111
11101111001110010000
00000110111101000110
11110100111111111001
00100100100001101000
11111100000011101011
00001100101011110100
00000010011011111011
00010111000000101111
00001101100100001111
11110001101001000001
11110110110010001101
11101111000011101110
11100111010011111010
11110000010010001110
00100011010010001101
11111010000110100000
00010101101110010011
11110111111010111001
11100100000010011010
00001110011101000010
11100110111101000010
11110101100010011001
00000000101111000000
11101101111110011001
11111110101100011110
11100101100001110011
00001011010101110101
00001010101001001001
00000100010100000110
00010000111111100100
11100100110110111011
00010111010101110011
11101100011110111111
00011100000111111101
11011111111111000011
00010111010000011000
11110011001100001101
00000001111010010101
11111111000110010111
00011101000011000111
00010111110111010111
00011111111110110010
11110111000000111100
00000001000011100011
11100001011010110001
11110101110011111001
00000001100110111001
00010001100001101010
00000111101001001100
00010011110110100110
00001100111101101011
00011110001100011000
11111000110001100111
00010101001001101000
00010000010101000011
11100100101011001101
00011000111100000100
00000111111001100010
00001001111101111110
00011010000011001001
00100100001011110000
00011110001001111010
00100010010011001100
11100101110110101111
00010011011101110011
00000000100011011001
11111010110100000001
00010100001110100010
11111110100001000110
11111111001000100000
11111001011010000111
00011101001101010011
00000010110011001011
00010100001111011111
00010101100000010000
00001100101011011001
00100100001001001011
00001100001100001101
00000001001010101000
00011001000010100011
00011111001000100000
00011001100000011111
11100010110011100100
11100100111100100111
11100000111001001101
11011100001101110100
11110101100010011101
11110110001100101000
11110001000000100011
00001001001111001000
00010110011000001011
00010011110101000101
00010001010001101000
00001011100011111000
00011111110000100001
00000101011000001100
00001010010100010110
00010010011011000101
00000000010000011100
11101010100000000010
11110100010111111111
11110011110001010010
11101100110001001011
00010001110000011101
11111001001001000100
11101001011110101010
00001000101000111111
11110100001000010110
00001110011001111011
00001101110010001001
00001000011101100110
00000001001011100100
00000111100100011001
11110001001010111001
11100000010000111011
00000100111000011000
11100101100010111101
00100110110111000101
00000011101100010101
00011001110001111010
00000111010111111111
00001001110011110101
11111110000000100100
11111010001110111111
00000110011110110101
11111000110001000010
00000011000011101100
11111001101101011110
00000011000010100111
11111000110111011111
11100000100111110111
11110000010000000010
11101010101110100110
11101111110110111101
00101011011010001110
11011110100100001100
00001011111010010101
11101101001111010111
11110111101101100011
11011101110111100000
11100111000010011001
11101011001000010111
11110010100001110010
11100001100000100101
11011110010111101010
11110010101111001111
11101111011111000000
00000101000110101011
11100110110000100010
00001110010001100111
00001100000110111111
11101000111001011011
00101011111110100000
11010111001001010000
11110111010101111000
11110001111011000001
11110111101001011111
11101100101111110110
11111110001111110000
00010010111001011010
00010011101011110001
00010001111010001111
11101110001000011001
11011100010100101101
11101001001100001000
11101100000011010110
00010101100001111001
00010110000010010110
11110110111111100100
00010001111011011110
00000101101010111111
11011110111101001000
11110100001101101101
11101010000101111101
11110110001111000000
00100000101111111111
00001110111010011100
00011001010101110001
00100001011010011010
11110110100000100101
00011100011110011010
11101001010001110111
00010111000110011111
00100001000000110011
00001010010001011010
00010100000111110001
11101111000001111111
00001111001011001011
11101001110110111000
00010000011011010110
11110110100110011001
00010110010011011001
11101111100011111010
00011111000101101111
11100010010010111111
00010010100001111001
11100000011011100000
00011110000110111101
00011001100110000001
11101110011011110101
00011101011100001010
11110101101001111111
00011111111011000100
11101111001101110110
00011011110011001000
11111000110110011111
11110010100100110001
11100011010101010010
11100100111001001000
11100110100000110110
00000101100010101111
00011001010011100100
00001101110000001101
00001111010100010110
11011011110011001011
11110101011010011010
11100100101010010111
11101110110011000001
11011111111111111110
00010000110010010000
11101111110001100101
00001101011010000011
11100001101010001010
11111111001001010100
11101000000110011001
00001000001001000001
11111001100101110110
11100001111111100000
11011101110010111110
11101010111101101010
00000000101011110101
11101111111011100010
00000011011011011001
11101111110001100001
00001100101011011010
11111111100001001111
00100001110011011001
11110001001101011011
00001100100001011001
00000100000001001001
00011100000100111011
11101100010011101111
00010111111010000001
00001111011101111010
00011011000101111000
00011101011011000101
11111111011011010000
00011101101000001000
11111111100111011010
00011110001111000001
00010001111101100000
11110010100100010111
00010000011100010010
11111111000110110101
00000111000010010001
00100000000100010011
00001011111111010111
00000110000101011001
00001100110100110111
11110001101111011110
00010000000101011110
11111001101101010001
00010110110100101110
11101011010011101001
00010011010011010110
11110110111010100110
11101011010000011011
11101111110101101100
11100101011101111000
11010110101111000001
00000101001111010010
11111110010110011011
11111100110001001010
00000111000110011010
11110111011010010100
00010000010101001111
11010111111001111111
00100001001001110010
11101101011111010110
11100010011110101111
11011100000100101011
11110100110111111010
00010111110011000111
00000001101001000011
00001101010011010101
00000110110101101101
00010001001000010010
11110100110010001001
00010011010110010010
00001011101100011110
11100001011010000101
11100100010001011001
11111011000010011000
11100110011011100010
00001000100010110100
00011011001001000000
00011000100000110001
00011111111001000111
11011110011000000001
00011101010101100011
11100001110010110000
00100000010001000000
11101101000100101100
00000100110011000001
11100111010010011100
00010000010110110001
11101110100010111110
11110100011101111001
11111101100111010011
11110101100110010001
00000111101001110010
00001100010000011101
00011010011001100010
00100000000011001111
00010100000011011011
11110110011111110101
00011011001110110001
11111110100001011100
11100101010010111110
11011111011111011011
11111000000101110011
11100001011001001101
11111101000100010110
00001010100100000100
11011101000100100110
00001010001101010101
00010010000110011000
00011011011011100001
00100010000110010100
00100001010100001100
00010110001110010101
00011000111110111001
00100011111000000111
00100000001110010101
11110000100000010001
11110010111000010011
11100000101001111001
11011110010110001110
11111110001011011100
11111001010001110101
11110110010010011011
11110110001110111100
11111010101000110001
11110100101100101110
11111100110001100110
11101100100010000111
00000101110010101111
00000001001111001110
00010001110110001111
11110111011110100111
00010011001110001000
11111011110100011010
00010001110011011101
00000100010101111111
11111100100000100000
11110110111001101101
00010010010011100001
11110000001000100010
00000011110110110101
00011111001111110110
00000011010110111010
00011100110010110100
00011000001110100101
11110100001110101011
00010111110111010111
11111110000101100110
11111001011101110011
00000101110011111000
11110100010001111011
00010011111010101101
00000011110000110010
00010101111011111110
00000110011110101000
00011110100010010111
00001110110100011000
11101001001101011010
00001110110111110001
11101011110100011110
11111111100111110101
00010101111110101010
00100101010000011001
00011001010101001010
11010101010111101011
11110001100100100010
11110000011010001110
11101101001110110110
11101101011111110101
00000100100110000111
11100110011001101101
11111011101101010010
11111111100111100101
11101100010001110010
00000111001010000001
11100101111011110011
11110111100000100101
00011111111010010111
00010010011010111101
00010111011010001100
00001010010111000000
11110111000011100010
00010001110000100000
11101111101100100111
11110101101111110000
00011010101001101100
11101111000100001001
00001101111000110101
11100111100010100110
11100000110100101010
11100001001101000000
11100110001101010110
11101001011001010100
11111010101110111010
11101010010100101111
00001010011000110001
00011010110111101111
00100100101101001010
00010001101010010111
00010100010000110000
11101011111100110100
11110100100010000010
11101011110101111101
11110000110001100001
11110000001010111001
11011010001111010111
11101110000001100100
11101001010011111111
11101000000111110001
00010010100101100010
00000001110010001111
00001100111001110101
00010000111111111110
00010001100011110011
11111111010011110001
00011010001100111110
11100110110110110011
00011111000011010110
11110101000111011110
00010000011011100101
11111011000011000010
00010010100001100011
00000010000011100010
00011111011000011000
11100101110100011001
11101100000111100100
11110111100111101111
11010110101011100111
00011111000111001011
11110001010100011100
00100000000010111111
11111000011101011000
00001111001111100011
11110111101010000010
11110110000101010011
11110000101010011001
00000001111100001111
11100001001101011010
11111001100011111100
11101101010010100001
00000100100001101010
11101100000000001011
00000001101011001010
11101110100110100000
00001010010011110000
11100100011010111101
00010001111111111110
11100100111100001101
11100110100001101001
00000110001000010000
00000000010100011010
00000111100111111001
00000000010011001110
11110000111101101000
11111000100100110011
00001001100001001010
00010111101010011110
00100100101011011110
00100001000111011101
00010100101001111010
11110010110010001001
11110111110010100110
11111100111000000000
11111100001000110111
11111110000110110111
11101100111010110010
11101111010010110101
11111110011110011111
11111111010011001110
11101011111010101111
11111010101101101100
11011101101001100111
00001100011001101010
00010101001010000110
00001011111011101100
00011000000111100111
11111000011000100011
11100101100101010010
11011111111111100000
11011101101101000010
11011001101011001100
00000010010100111101
11101010000110100110
11111010001000011001
11110001000010110111
11110010001100110010
11100101000100010111
11110111001111000001
11110101100111101010
00001010101000010000
00010001011000011000
00010010111001001110
11111111001100000110
11100000001100000000
11011001000011100101
11100011100001010111
11110110100110011101
00010110110101000111
11101100010111110110
00100001110101010100
11110100101010110001
00000111100100100010
11100011010011110000
11111110010001011011
00100101010110000111
00100001010101100101
00010101110111001011
00001011011100011000
00000011110101111100
11110001111010100101
00000001011000011100
00000011011000110000
11100000111000011101
11110001001001111111
11100110101011001100
11111111100111011010
00000000000010101000
11110011001000011101
00001100100100110011
11100000010011100001
00001000101000000001
11110000110001010101
11111000110101010000
11101010110000101001
00000000011111001011
11111011101100001101
11110001011011111100
00000001000010110001
11100001011011000111
11101111100010110010
11100101100010011001
11110001101111010000
00010100101100100011
00000111000000001001
00001111001010110011
00001000000000110111
00001000111101110011
11111000111000000111
00010001100100010000
11111010011110100111
00011101001101011001
11100001101101001000
00011001011001011111
11101010011100001111
11111010111011100000
00011100011010001011
00010110001000010100
00010111011110111101
00000110001001001101
11100100010110010001
00001010011011010111
11100011011011000100
00010001000101011111
00010011111110111001
00001001011010011111
00010100001010001101
00000110111010101100
00010001011001110110
00100111010011001110
00010000000110101010
00011100000100010010
00001001000000011110
00011110110000101011
00011001100101000100
00001011010101000110
00010010011110101000
00000110101000101000
00011110001000010011
00000100101111100001
00000101111110010011
00001011100100100110
00010101011010000101
11100001101110101001
00010001111010011111
11101010001100101010
11111110011011100111
11100101010100010111
00011010101111110001
11101100000000111101
00000111001110111100
00000001000111100100
11110010111010101111
00000101100001101100
00000000110001010011
11110001101010011101
11110111101111101010
11101001101100000111
00001101110111110000
00001001100000010110
11100000110001010100
11111011010101011011
11110000011000111010
11011000110111100100
11111011110100100001
11101110111111010000
00011000110011000000
11100011111111111110
00000101010110101111
11111011001100010011
00010001111101001010
11110111100111101000
11111101000011011011
11110100111110001101
00000001001100011100
11111011010010110101
11100101100011011000
11101000100101000111
11100100001100111001
00010001001010010011
00010010101001101010
11110000010010100011
00100010010111000000
00010000011010101000
00001011101111010111
00010100000111001011
00000001010111100000
11100100111000000101
00000101010110100100
11110000011100111100
11100011001111001010
00001111001000001100
11011001110010001010
00001011010000000000
11101011001101011100
11101000101010011000
00010110010001010001
11101001100100101100
00011000000111100100
11111010111100010101
11101101010101000010
11101111101011111000
00000111100101101011
00011100010000011110
11111101110001010101
00001001000010000010
00001110010010001111
00010101010001111110
00001111111111111011
00011100010000000001
00000100001001110001
00011000111100110100
00000011110011000100
00011000000001101010
11110100001100011100
11110100000000110100
00100100101001110110
11011000101100101110
00010101001011001010
00001101110011010010
00011100001110000000
00010111010011001001
00011000101101100100
11010101100011001011
11111101011011010101
11101011101000011100
11111111100110100000
11110001001110110010
11100100101001110100
00010001011000111101
11111000001101110111
11100111110010101010
11110111011000000010
11101000000100001001
11100000011101101000
11100101111000101111
00011110100000100011
11011101100111101110
00011111100110000011
11111011001111110011
00001101001001111011
11110101101011110100
00001011100010011001
00001011100110000101
11101011011111011011
00100001010010011100
11110001011001110011
00000011110010101011
00000111100011001100
00010001010010000101
11101101100011001001
11110110010001101011
11100011111110111101
11111010111101101000
11100001001001011010
00000011011100100100
00010001000001010010
00001100011111100110
11111110110110101010
11111000001101100001
00010011110111100101
11110100000100000101
00011000101111010000
11101000011111101001
00000000010101100100
11101100001010100001
00010001000000000101
11100101100001011001
11110111101010101011
11110001111011010110
00000001100111000010
11110011100001101000
11111111101001100000
11111101000010100111
00001100001111000110
11101101100101001000
00010111100110011001
11101100000011001011
00010100010111011010
11100100000100010011
11111001010010101010
11100110011000111010
00000010000111001101
11011110010001100111
00001000010100001100
11100110000110101101
00010010100011010100
11100101010000000001
00010111011010011111
11100001111100111111
00010101111111011011
11101101001101111000
11110100000011000101
11111000100110001101
11111010110100001011
00011111001110011010
11101111101111111011
00011001101001110011
11111101000110001000
00011011011111110011
11011111001101000110
00011010001011010100
11101100010100100101
11110000111011110111
00011111000100000010
11101010111111110110
00011100101101111001
11111011011000010001
11111010101100111110
11111011110111010110
00100001001100000101
00001101100111000001
00001101010001110101
00100100110000001001
00000110010100010000
11101111000110100101
11110010101011110110
11110110010001111010
11101011010001011001
00000100011100010010
00010110010100001001
00001011001110110001
00010000101010111000
00011010000110100001
11101110101001110101
00011101010011111010
11011101101100001111
00010010011000100000
11111010010000101100
00011001011010110010
00001101000001011010
11101110010100000100
11101011101100110010
11110110101111110110
11010110101010110011
11110111011100101110
11110000000111011001
00001101111100000101
11110011111111010001
00001001101000101100
11101110101110101111
11111011001001000011
11101011100000101100
00011101110110011111
00011100111001101111
00001010001100000110
00010110110010001000
11101000111001011100
11111000001010100001
11101001110010001010
11100101101100111110
00100001000010101100
11110100000011110001
00011000110000111000
11111000010100001010
11110010000000010111
11100110000001100101
11111100000010101010
11101001111101100110
00011010011100101101
11110100100100011101
00010100100011000110
00000110000010101000
00000111101011010001
11111000000110011010
00001101000010101011
11100001100000001100
00000001111101101101
11100101111100010000
00000101010101101000
11011100110011000011
11011100101001001000
00001111100100100000
11100100100000011111
00001100010111101010
11010110110110100000
00010111000100010000
11101100111000010110
00001100110000000001
00010000110000101111
11111111111011101110
11110111011111011100
00000101010100000000
11111010000100010010
11100100111010100100
11101100011010101101
11100000011101110101
00011100010101100000
11100101111011011011
00011001010101010000
11101001100101110100
11101110110000111000
11110011011011100101
11110010100111111101
00001011101011101111
11110111000101010001
00001111001000010101
11111000010101101011
00011111001111011010
00010111011110110110
11111011000011000011
00011000101010100010
11111010110001000111
11101010101001000111
00011011010000010101
11110011000000000000
00010111111000101010
00001100011000010110
00010101111110101011
00001001001011111010
00011100100001100110
00001001010111010101
00000000110001001101
11111110001010111111
11011100001000111110
00010001110000111011
11111010011100011010
00010010000000100011
11110000011111110101
00010001110000111011
11111010011100011010
00010010000000100011
11110000011111110101
