4.317199e-01
6.106287e-01
1.977281e-01
2.009557e-01
-5.969188e-01
1.030086e-01
1.539141e-01
-9.247128e-03
5.825537e-01
1.382318e-01
3.317797e-01
-1.674791e-01
5.480790e-01
3.649855e-01
3.633639e-02
5.539980e-01
1.811001e-01
1.610388e-01
1.763714e-01
3.544413e-01
4.427105e-01
-3.574894e-01
-3.062024e-02
-5.788434e-01
1.121086e-01
-2.077078e-01
2.775474e-01
-1.580949e-01
2.840525e-01
2.499427e-01
2.469800e-01
3.404580e-01
2.352557e-01
3.581243e-01
1.834722e-01
1.512484e-01
-3.858846e-01
-1.422221e-01
-3.761202e-01
1.389491e-01
1.621603e-01
-1.643495e-01
3.403726e-01
-3.254614e-01
-1.318600e-01
-3.578225e-01
2.262929e-01
-3.649292e-01
1.467032e-01
-3.178107e-01
4.818673e-01
-1.951402e-01
8.694725e-02
-5.878620e-03
1.451427e-01
-4.754240e-02
3.692366e-01
-2.270516e-01
4.651521e-01
-2.012702e-01
-3.074618e-01
-3.362870e-01
-5.408315e-01
-5.558142e-01
2.816438e-01
-1.192258e-01
-1.439981e-01
5.800759e-02
-1.252484e-01
-4.715524e-02
-2.523227e-01
1.042231e-01
3.746408e-01
3.405028e-01
3.788626e-03
1.558008e-01
-3.353562e-01
1.143375e-01
-3.598876e-01
5.372967e-01
-6.518852e-01
3.664902e-01
-1.348083e-01
5.573074e-01
-5.223164e-01
-2.194072e-01
-3.088108e-01
1.897151e-02
-4.200461e-01
-3.988454e-01
-2.162607e-01
-7.354761e-02
-4.375807e-03
-3.685596e-01
1.040958e-01
-3.415311e-01
-1.139368e-01
-2.373343e-01
-8.244767e-02
-6.107339e-01
-8.163190e-02
-4.587380e-01
-8.383440e-02
-4.419540e-01
-2.417943e-01
3.055085e-01
-8.276772e-02
4.945975e-01
-2.688262e-01
-4.428461e-01
-2.477906e-01
2.506692e-01
-8.113716e-02
-3.588594e-01
2.315545e-01
-5.215804e-01
-4.235730e-01
-3.040930e-01
-4.903789e-01
-3.579286e-01
-5.730754e-03
-3.392182e-01
9.974778e-02
-6.814190e-02
1.042996e-01
2.302137e-02
-3.673306e-01
2.282146e-01
-1.157542e-02
-6.636313e-02
-1.484136e-02
-6.192132e-02
3.665783e-01
2.617463e-01
2.686756e-01
3.279181e-01
-1.075953e-01
4.778673e-01
-1.909506e-01
4.001349e-01
-3.845335e-01
-2.826733e-01
-1.999811e-01
-1.148334e-01
-1.954112e-01
-4.324472e-01
-3.527455e-01
-2.261374e-01
9.202277e-02
-5.019615e-01
-2.316064e-01
-1.284058e-01
-1.819515e-01
-9.569116e-02
-3.019200e-01
-8.686881e-02
-2.614110e-01
-3.704371e-01
-2.950961e-01
-3.947264e-01
-1.769577e-01
-3.700810e-01
-6.520103e-01
-1.049556e-01
-1.311256e-01
4.717216e-02
1.083442e-01
1.098789e-01
3.210876e-02
-2.450223e-01
1.016190e-02
-2.917896e-01
-4.376896e-01
5.102518e-01
1.725644e-01
4.657118e-01
-3.812090e-01
-3.398736e-01
-4.213652e-01
-1.363838e-01
-5.071497e-01
2.114107e-01
-2.793264e-01
9.610347e-02
3.713763e-01
2.453865e-02
4.104688e-01
-3.562113e-01
8.154209e-03
1.383231e-01
-8.108433e-03
-1.784804e-01
6.035708e-02
1.256478e-01
5.506201e-01
2.779454e-02
-3.724570e-03
-3.458125e-01
-1.647425e-02
-3.183340e-01
-6.231120e-01
3.572184e-01
-2.576520e-01
6.726614e-03
3.601607e-01
2.657999e-01
2.761347e-01
3.692938e-01
4.677001e-01
2.498160e-01
4.782495e-01
4.816524e-02
-4.916769e-01
-5.020517e-01
-3.413843e-01
-2.316062e-01
-4.246661e-01
-1.103537e-01
-4.543927e-01
-9.113096e-02
1.438624e-01
-3.866712e-02
-5.598933e-01
-9.802874e-02
-6.478155e-02
-3.787065e-01
-1.903988e-01
-2.250571e-01
-4.242120e-01
1.319444e-01
-4.704337e-01
3.437713e-01
-1.231505e-01
5.087351e-01
-4.136218e-02
4.573713e-01
-8.487102e-02
8.673259e-02
4.810807e-01
2.463248e-01
-5.634366e-01
-4.122809e-02
-3.713626e-01
1.636265e-01
-4.502648e-02
5.756171e-01
-3.352195e-02
3.876588e-01
-4.145672e-01
-1.007824e-01
-2.035854e-01
-4.271127e-02
-1.936295e-01
1.167052e-01
-3.713296e-02
4.926846e-02
2.824982e-01
3.792279e-01
3.662559e-01
5.861003e-01
3.220410e-01
2.053505e-01
4.905734e-01
5.539574e-01
-1.789846e-01
-2.514962e-02
2.950183e-02
-3.494117e-01
2.188963e-01
-9.277511e-02
-2.184808e-02
3.462387e-02
-4.834652e-01
-1.847925e-01
-3.789234e-01
-1.760092e-01
2.254033e-01
5.410831e-01
2.113147e-01
3.962147e-01
3.693772e-01
9.394056e-02
1.882286e-01
-2.470358e-01
-2.272076e-01
1.503249e-02
1.073766e-01
3.925447e-02
1.621434e-01
3.759940e-01
1.132740e-01
5.393922e-01
2.490253e-01
-5.627711e-01
1.412564e-01
-3.012426e-01
-1.934774e-01
2.102675e-01
-1.175959e-01
3.507715e-01
4.378964e-01
-5.060377e-01
3.940853e-01
-4.916621e-01
-6.529631e-02
4.288578e-01
-2.897605e-01
1.406193e-01
-3.144771e-03
-4.182617e-01
-4.988334e-02
-2.762955e-01
-1.288318e-01
3.838397e-01
-3.854695e-01
4.510106e-01
-4.292344e-01
9.923516e-02
-3.885375e-01
5.318488e-02
1.492803e-02
7.785923e-02
2.803067e-01
2.801730e-01
-2.601232e-01
-3.611684e-01
-2.674151e-01
-4.000392e-01
3.535927e-01
-1.245141e-01
1.869766e-01
-1.750503e-01
-2.035489e-01
1.091849e-01
-2.835688e-01
1.177362e-01
-2.112370e-01
-3.224987e-01
-1.526165e-01
-4.390713e-01
-6.342837e-02
1.739514e-01
1.528601e-01
1.206729e-01
-2.666096e-01
-3.324089e-01
-2.960353e-01
-4.559936e-01
-2.073991e-01
4.416939e-01
-6.096868e-02
8.531418e-02
-2.906609e-01
-3.654890e-01
-3.252830e-01
-3.567629e-01
3.319970e-01
2.407643e-02
3.902816e-01
-5.436894e-02
-1.308687e-01
-2.197013e-01
-1.737044e-01
-4.803032e-01
-2.276543e-01
-1.106417e-01
-2.867767e-01
-4.554534e-03
1.568113e-01
2.896748e-01
2.100215e-01
1.184215e-01
-1.125996e-01
-3.651289e-01
-3.468578e-01
-2.407633e-01
3.037256e-01
-2.220943e-01
2.345015e-01
1.567717e-02
2.438702e-01
3.812899e-01
3.369441e-01
5.173193e-01
8.582655e-02
-1.865786e-01
4.518817e-01
-4.789144e-01
4.367438e-02
-4.661076e-01
1.323777e-01
-2.243869e-01
1.275985e-01
-3.464583e-02
4.523270e-01
-3.283074e-01
2.857732e-01
1.350229e-01
7.153046e-02
-1.446703e-01
3.242512e-01
2.123399e-01
3.771725e-01
-9.121948e-02
1.437423e-01
2.853276e-01
6.142839e-01
6.924938e-01
1.362002e-01
1.008372e-01
-8.084136e-02
-1.417918e-01
-8.759515e-05
3.631146e-01
1.494101e-01
3.272426e-01
-4.644380e-01
2.933593e-01
-3.685965e-01
-4.144054e-02
9.251274e-02
-1.196296e-01
4.455465e-01
2.825210e-01
4.184873e-01
1.389199e-02
3.069346e-01
-4.529839e-02
-6.050872e-01
1.617188e-01
-3.309289e-01
6.770856e-02
-1.732141e-01
-2.000943e-01
-5.806196e-01
-3.889178e-01
-2.111953e-01
2.786716e-02
-2.250726e-01
4.932705e-02
-3.481396e-01
-1.984496e-01
-4.039966e-01
1.791625e-01
-9.506783e-02
4.328465e-02
2.250269e-01
2.373397e-01
-3.646961e-01
-1.996442e-01
-4.238857e-01
-5.162753e-01
7.065894e-01
1.746152e-01
1.558145e-01
2.827098e-01
3.936912e-01
3.256667e-01
5.751045e-01
3.922098e-01
-4.890523e-01
-5.018495e-01
-2.430835e-01
-4.363715e-01
-1.821344e-01
2.841498e-04
1.162699e-01
2.961140e-01
-2.793177e-01
-3.113405e-02
-2.492346e-02
-7.681425e-02
4.795785e-01
-1.296120e-01
3.173956e-01
-6.340789e-01
-1.178140e-01
1.257112e-02
-3.064872e-01
-1.835268e-01
-2.420174e-01
-1.837328e-04
-4.017471e-01
-2.805475e-01
-2.312562e-01
3.227053e-01
-3.508513e-01
4.876013e-01
1.883788e-01
1.931909e-01
3.027139e-01
2.793433e-01
-6.588167e-01
-3.532835e-01
-7.293761e-02
-2.215150e-01
-2.782205e-01
-4.398820e-01
1.616663e-01
-5.335524e-01
-2.178700e-01
-5.812615e-01
1.299870e-01
-2.153999e-01
-9.383140e-02
-4.216110e-01
-3.096796e-01
-4.856881e-01
-5.884862e-01
3.960378e-01
-2.497897e-01
1.584437e-01
-1.909029e-01
5.644312e-02
-1.329001e-01
-4.684953e-01
2.120458e-01
3.571518e-02
-5.109902e-03
1.648895e-02
9.233416e-02
-4.935599e-02
2.927290e-01
1.626945e-01
8.279259e-02
2.286576e-01
1.329400e-01
2.538520e-01
1.057717e-01
3.941674e-01
6.751808e-01
2.037520e-01
1.959121e-01
2.894801e-01
4.007904e-01
5.965367e-01
-4.379503e-01
1.647979e-01
-3.270644e-01
1.166390e-01
5.209619e-01
-1.897132e-01
-4.089753e-02
-3.406327e-01
-6.706117e-02
-1.269472e-01
-2.000668e-01
-1.346533e-01
-3.091151e-01
-3.663689e-01
-2.788289e-01
-4.602989e-01
-4.144735e-01
4.998363e-02
-1.276216e-01
2.338985e-01
-3.702779e-01
-2.361472e-01
-4.159110e-02
-2.891061e-01
-4.775256e-01
3.465826e-01
-2.979070e-01
2.222727e-01
1.535889e-01
1.681988e-01
2.359146e-01
3.479984e-01
-2.337249e-01
-2.681280e-01
-3.913552e-01
-1.995158e-01
-2.276858e-01
-4.403277e-01
-2.264348e-01
-4.852018e-01
-4.701278e-01
-3.586515e-01
-4.110673e-01
-9.726147e-03
-4.296443e-01
-4.598988e-01
-3.856519e-01
-5.244609e-01
-3.721660e-01
4.122628e-01
-4.101979e-01
-1.487283e-01
-3.259002e-01
-2.064640e-01
-3.375977e-01
-4.010380e-01
2.434970e-01
2.705379e-01
5.423497e-01
1.359066e-01
4.173660e-01
2.760702e-01
4.102363e-01
1.373590e-01
6.101148e-01
-3.301943e-01
3.657534e-01
-3.289434e-01
-4.948574e-02
4.527341e-01
-1.457390e-01
5.129374e-01
-3.007288e-01
1.540323e-01
-3.770018e-01
3.621916e-01
3.249086e-03
3.608677e-01
5.801114e-02
3.039806e-01
-6.463260e-02
-1.628663e-01
-9.007626e-02
-1.179222e-01
-3.239926e-01
-5.994838e-01
-4.262630e-01
-3.516499e-01
3.049223e-01
-3.613157e-02
5.665377e-01
-4.809694e-02
1.766787e-01
-4.563975e-01
3.106984e-01
-3.317609e-01
1.881412e-01
-2.650962e-01
4.590069e-01
-3.848825e-01
3.031500e-01
-5.492089e-01
1.022531e-01
-1.436088e-01
3.741910e-01
2.266149e-01
2.442172e-01
2.706233e-01
1.555911e-01
-1.028875e-01
-3.578311e-01
-6.692756e-02
2.196055e-02
5.306510e-01
2.854392e-01
3.345758e-01
-9.723134e-02
-5.678442e-02
-2.269893e-02
-4.279873e-01
1.812753e-01
2.689660e-01
1.611281e-01
1.614578e-01
-2.287310e-01
3.557408e-01
-1.364118e-01
2.733371e-01
4.463262e-01
5.584258e-02
4.554644e-01
-1.679146e-01
5.173808e-01
-3.422162e-01
4.766263e-01
-2.094424e-01
-5.110286e-01
-2.160552e-01
-4.387014e-01
5.827931e-02
1.158683e-01
-1.735136e-01
3.525918e-01
3.155653e-01
-8.073856e-02
1.647949e-02
-4.717212e-01
-2.693520e-01
1.880758e-01
-2.441825e-01
2.582705e-01
-6.094372e-02
3.451598e-01
2.928527e-01
4.759805e-01
3.082635e-01
1.792730e-02
1.034543e-01
1.330622e-01
-4.334989e-02
4.877524e-01
3.293930e-01
1.211458e-01
6.428170e-01
7.066343e-01
-3.969578e-01
2.716562e-01
-4.691501e-01
-7.481447e-02
2.271545e-01
1.430899e-01
5.435631e-01
-4.737246e-01
-3.497764e-01
-1.619947e-01
-5.665826e-01
8.107241e-02
6.895007e-01
-2.598139e-01
2.791997e-01
-2.037026e-01
1.184128e-01
-1.229003e-01
2.063514e-01
-8.241144e-02
1.279007e-01
-9.439978e-02
7.737579e-02
-2.539380e-01
-3.861076e-01
2.775777e-01
-4.487084e-01
-1.731710e-01
4.279398e-01
-1.339312e-01
3.451467e-01
-3.962597e-01
2.281953e-01
1.408808e-02
2.240141e-01
3.568380e-01
1.410969e-01
4.878276e-01
4.008114e-01
-2.602480e-01
-2.793335e-01
-2.911970e-01
-1.825577e-01
-2.894738e-01
7.445911e-02
-3.562781e-01
5.848274e-01
-9.746342e-02
-2.912345e-02
-7.043478e-01
8.649968e-03
-5.467326e-03
3.787038e-01
1.200570e-01
1.662867e-01
-1.813887e-01
3.924352e-01
2.016944e-01
4.202937e-01
-1.287663e-01
1.235110e-01
1.313336e-01
-2.600695e-01
-3.205866e-01
2.974309e-02
-4.043203e-01
-2.497329e-01
-2.884934e-01
3.447956e-01
-2.492977e-02
5.272594e-01
8.666925e-04
4.011582e-01
-2.043007e-01
9.848704e-02
6.795543e-02
-2.156115e-01
3.066212e-02
-1.235418e-01
1.932160e-01
2.495772e-01
-2.085244e-01
1.399110e-01
5.293020e-01
-4.650255e-01
3.790461e-01
-4.711280e-01
1.943934e-01
3.828164e-02
2.278631e-01
2.108639e-01
-1.779423e-01
-2.872309e-01
8.062169e-02
-2.309576e-01
-3.409264e-01
2.140549e-01
-3.835495e-01
4.593917e-01
5.279136e-02
1.717912e-01
-4.523063e-02
-1.926042e-01
-5.138320e-01
4.329798e-01
-4.015733e-01
5.129354e-01
-4.019742e-02
4.680646e-01
-2.377567e-01
-2.275060e-01
8.216870e-02
-1.578674e-01
2.205313e-01
-3.796578e-01
-3.802249e-01
-4.314413e-01
4.355500e-02
-2.640924e-01
3.696924e-01
-2.715478e-01
4.903883e-01
6.958628e-02
-2.344174e-01
9.500176e-02
3.242307e-01
2.774462e-01
-1.240480e-01
1.561062e-01
-4.849989e-01
2.842243e-01
3.095604e-01
2.753717e-01
5.359291e-01
3.253706e-01
3.306346e-01
-8.807411e-02
3.473058e-01
-4.540597e-02
-4.110655e-02
1.820785e-01
4.888090e-02
1.115426e-01
2.294203e-01
4.657290e-01
3.468049e-01
9.486366e-02
3.000617e-02
5.657117e-01
-4.283674e-01
3.131068e-01
1.950953e-01
4.293027e-01
-4.218587e-05
3.387293e-01
-5.020911e-01
7.777284e-03
-4.461931e-01
-1.147147e-01
2.416486e-01
3.285445e-01
4.174166e-01
3.696252e-01
2.255524e-01
-2.276258e-01
1.113769e-01
-3.588228e-01
3.138759e-01
2.823615e-01
5.535749e-01
3.395372e-01
5.289937e-01
3.440074e-01
4.469546e-01
3.842870e-01
3.228535e-01
4.022941e-01
4.428211e-01
4.251290e-01
1.597233e-01
-2.798365e-01
-2.589360e-01
-3.088171e-01
2.780650e-01
1.033822e-01
6.838578e-02
2.251777e-01
-1.958768e-01
4.600479e-01
-2.373546e-01
3.323486e-01
3.683042e-01
1.331893e-01
3.004351e-01
8.607183e-02
4.248737e-01
2.400411e-01
3.439366e-01
2.016704e-01
-3.869611e-01
3.763691e-01
-3.789653e-01
2.529949e-01
6.100112e-02
4.394362e-02
3.210802e-02
7.989671e-02
6.333197e-01
1.449149e-01
2.685090e-01
2.997834e-01
-3.220038e-01
-2.462957e-01
-5.095011e-01
-4.259074e-01
-3.678904e-01
-1.737978e-01
-4.413633e-01
-5.331724e-01
4.943815e-01
6.526634e-02
4.993204e-01
4.181602e-02
-5.778962e-01
4.128114e-01
-2.800292e-01
3.626670e-01
9.812396e-02
9.209155e-02
1.288276e-01
5.451918e-01
3.954943e-01
1.295193e-01
4.002363e-01
5.720636e-02
-3.976410e-01
-4.240068e-03
-1.982071e-01
-8.797261e-02
2.108107e-01
-1.715250e-01
2.295198e-01
-1.346845e-01
1.583304e-01
-1.213275e-01
2.312761e-01
-2.575956e-02
-3.717776e-02
3.663470e-01
-1.900409e-01
1.847623e-01
2.442489e-01
2.114355e-01
3.242173e-01
1.997088e-01
-5.324760e-01
-5.884822e-01
-3.668427e-01
4.585682e-02
2.633294e-01
-7.511490e-02
7.475581e-02
7.553833e-02
2.901833e-01
-2.483314e-01
-9.101033e-02
-6.397149e-01
1.756461e-01
-2.078120e-02
4.887979e-01
2.555606e-01
-2.310281e-01
-1.075805e-01
-5.529379e-01
1.415733e-01
2.394477e-01
2.212249e-01
4.579706e-01
6.124161e-01
5.741144e-02
2.268128e-02
-4.171396e-02
1.485376e-01
-2.797107e-01
4.264310e-01
-3.781949e-01
4.506861e-01
-3.502274e-02
3.450672e-01
-6.108475e-02
3.343265e-01
-4.080706e-01
9.443532e-02
-1.133489e-01
6.341304e-02
-2.498756e-01
-1.345514e-01
-1.497559e-01
-6.267608e-02
-2.737507e-01
-1.390867e-01
-4.457393e-01
-3.406534e-01
-1.327178e-01
-4.351269e-01
-1.756602e-02
-3.264583e-01
-2.650728e-01
1.875363e-01
-5.867491e-01
-3.997708e-01
-2.447413e-01
-3.980438e-01
-4.702894e-01
-6.580427e-02
4.098154e-01
-2.776905e-01
4.689458e-01
-2.799420e-01
-6.128237e-01
-2.565057e-01
-2.504614e-01
1.291597e-01
3.339683e-01
2.279966e-01
5.891503e-01
2.968333e-01
1.234581e-01
-1.402945e-01
-1.884005e-02
-4.234872e-01
2.372871e-01
-1.274528e-01
4.754662e-01
-6.768040e-02
2.074684e-01
-3.555377e-01
-2.427896e-02
2.067977e-02
1.034674e-01
3.246534e-01
-3.861375e-02
1.083415e-01
1.910680e-02
1.533428e-01
-2.113942e-01
-5.620912e-02
-2.108333e-01
-1.028064e-01
-3.028767e-01
-5.888745e-01
-1.674865e-01
-1.101821e-01
-4.808900e-01
-1.690766e-01
1.807520e-01
2.676486e-02
6.975913e-02
5.935956e-02
1.684526e-01
2.231041e-02
3.563620e-01
1.298006e-01
-2.340755e-01
-4.357300e-01
-7.140168e-02
-3.799743e-01
2.881498e-01
-4.690983e-01
1.006594e-01
-1.733285e-02
1.654049e-01
-2.735428e-01
6.474804e-01
5.891271e-02
-4.529744e-01
3.651503e-03
-4.331607e-01
-1.030053e-01
3.749998e-01
8.279691e-02
7.883087e-02
-3.351010e-01
-4.067997e-01
1.182428e-01
-2.355157e-02
7.170619e-02
4.126282e-01
-4.511008e-02
4.531669e-01
-1.735560e-01
-1.775238e-01
-1.509403e-01
-5.602463e-01
2.102318e-02
3.127863e-01
-2.948609e-01
2.666738e-01
-2.344054e-01
2.562365e-01
-1.135448e-01
2.839336e-02
-4.439236e-01
-2.986157e-01
2.752411e-01
-1.436336e-01
2.179916e-01
-4.995832e-01
-3.111141e-01
-1.552096e-01
-5.081913e-01
6.614505e-02
-2.628346e-01
3.842181e-01
-2.773914e-01
-3.825760e-01
-2.775783e-01
-4.374275e-01
-8.053785e-02
-2.218088e-02
2.601854e-01
8.090051e-02
3.997801e-01
3.513773e-01
-5.802632e-01
1.530782e-01
-2.000141e-01
7.576607e-02
-7.296241e-02
3.450523e-01
-3.033193e-01
-5.586492e-02
-5.218558e-01
-4.333929e-01
-3.008142e-01
3.286841e-02
-2.320648e-01
1.364126e-01
-1.977181e-01
4.648355e-01
1.933437e-01
1.883132e-01
1.603970e-01
-7.155296e-02
-3.583782e-01
2.135360e-01
-3.020870e-01
-4.887761e-01
-3.520702e-01
-4.453441e-01
-5.402027e-01
-2.277379e-01
4.860701e-04
-4.368924e-02
6.421501e-02
4.378907e-01
-4.281474e-01
5.117820e-01
-4.199170e-01
2.156872e-01
2.553721e-01
3.018451e-01
7.350606e-01
3.727422e-01
-1.091220e-01
2.317805e-01
-4.242444e-02
-3.781971e-01
2.139056e-01
-4.753148e-01
-3.192162e-02
-5.440570e-01
4.271881e-01
-3.775739e-01
4.654625e-01
1.259641e-01
5.427445e-01
-9.027377e-02
4.457428e-01
3.860482e-01
-5.749021e-02
4.839088e-01
1.645932e-02
4.846170e-01
3.340012e-01
2.864292e-02
6.569618e-01
-4.176328e-01
-1.799753e-01
-4.794696e-01
-2.113249e-01
-1.768841e-01
-1.787119e-01
4.084436e-02
2.640467e-01
5.750965e-02
-2.676503e-01
-1.005623e-01
-2.186778e-01
-2.602504e-01
-2.992901e-01
-3.433072e-01
-3.105655e-01
-2.889353e-01
5.200728e-01
-3.526014e-01
4.177781e-01
3.854355e-01
4.124346e-01
3.689285e-01
1.572714e-01
-2.624093e-01
1.663355e-01
-6.893146e-02
2.695907e-02
3.768365e-01
1.110478e-01
5.313704e-01
-2.542306e-02
-2.701260e-01
2.673686e-01
-5.438960e-01
-3.403895e-01
-3.628461e-01
-1.186133e-01
-5.763820e-01
-4.644479e-01
-1.459035e-01
3.375735e-01
-1.458636e-01
2.233167e-01
-6.596505e-01
9.594059e-02
-1.581482e-01
9.213161e-02
-7.725682e-02
-2.283125e-01
5.505528e-02
-3.310671e-01
7.753269e-02
9.879101e-02
-1.550702e-01
1.798574e-01
-4.115458e-02
3.281781e-01
-9.224920e-02
4.403079e-01
-2.295583e-01
-1.016154e-02
-1.145579e-01
6.160919e-01
-6.213930e-01
5.315804e-02
-3.313429e-01
1.617086e-01
-9.545541e-02
-4.614461e-01
-1.665380e-01
-1.218631e-01
4.907772e-01
-6.305979e-01
2.230137e-01
-2.826215e-01
4.952577e-02
3.150409e-01
3.210339e-01
5.038677e-01
-2.728493e-01
-1.236558e-01
-3.463056e-02
-3.909442e-02
4.207174e-01
-3.241216e-01
1.895083e-01
-5.414332e-01
2.731038e-01
-3.067625e-01
3.891543e-01
-3.802340e-01
2.201405e-01
-5.067787e-02
5.707073e-01
2.157131e-01
-1.433471e-01
-3.146231e-01
-4.119270e-02
-6.126116e-01
-2.240621e-01
-1.759742e-01
-2.669772e-01
-1.757180e-01
-4.894068e-01
-2.517959e-01
-1.768110e-01
-3.720216e-01
2.359234e-01
6.326781e-02
2.448085e-01
3.223676e-01
1.154951e-01
-2.356736e-01
-6.943646e-02
-1.137297e-01
2.356434e-01
-2.922279e-01
1.254902e-01
-2.404641e-01
3.668512e-01
3.995171e-01
1.435896e-01
5.613937e-01
2.723946e-01
7.433437e-02
-6.843422e-02
6.400020e-01
1.974208e-01
-2.913721e-01
-1.156642e-01
-2.931654e-01
8.794159e-02
-1.329079e-02
4.090753e-01
9.988823e-02
4.440101e-01
-1.485595e-01
3.416573e-01
-1.384316e-01
3.281704e-01
-2.592264e-01
1.635784e-01
-4.897017e-01
3.636430e-01
-3.243813e-01
1.991049e-01
5.895463e-02
-2.190145e-01
-3.615247e-01
-3.308513e-01
6.155217e-02
-5.027792e-01
3.875728e-01
-1.714227e-01
2.892384e-01
-3.527577e-01
-2.859178e-01
-5.530880e-01
-2.867598e-01
1.652685e-01
2.376733e-01
2.011103e-01
6.865553e-01
4.229142e-01
-1.493061e-01
1.792358e-01
-3.847324e-01
3.311040e-01
-2.780515e-01
2.540591e-01
-6.386746e-02
2.298108e-03
-1.483651e-01
-4.213731e-01
-4.652781e-02
3.549547e-01
1.533412e-01
2.994643e-01
1.983815e-01
2.776063e-01
-4.670366e-01
3.234374e-01
-3.228270e-01
6.358811e-02
1.550909e-01
8.088974e-02
2.465586e-01
5.188864e-01
7.651516e-02
3.938028e-01
6.942753e-02
4.545273e-01
-4.227426e-01
4.724098e-01
-4.054510e-01
3.339955e-01
-1.705677e-01
4.347843e-01
4.854694e-02
-8.108217e-02
3.965482e-01
-2.760618e-02
2.914515e-01
1.967678e-01
4.767336e-01
4.002056e-01
4.982419e-01
4.120978e-01
4.559320e-01
5.353128e-01
4.886786e-01
4.476824e-01
1.162425e-01
5.227919e-01
2.711202e-03
3.196677e-01
-3.659459e-01
4.556047e-01
-2.365817e-01
3.765378e-01
6.951106e-01
4.261584e-01
2.956541e-01
1.119030e-01
4.066629e-01
2.238574e-02
5.172682e-01
5.393013e-01
2.512104e-01
3.846871e-01
-1.708042e-01
3.363036e-01
-2.339998e-02
4.437677e-01
-3.161958e-01
5.449945e-02
-5.042607e-01
2.494938e-01
-3.634189e-01
5.260582e-01
1.728280e-02
-1.422882e-02
1.893098e-01
-4.127341e-01
-8.284247e-02
-4.859742e-01
1.524603e-02
5.957812e-02
9.821884e-02
1.467360e-01
1.015378e-01
-4.172267e-01
-3.437189e-02
-3.666821e-01
-4.587790e-02
2.554058e-01
-5.476178e-01
4.890667e-01
-3.479968e-01
2.116821e-02
-3.263118e-02
-1.174206e-01
-3.005140e-01
-2.516828e-02
-5.110000e-01
-1.204463e-01
-1.516205e-01
3.988691e-01
1.449881e-01
2.592425e-01
1.081934e-01
1.516658e-01
-5.332638e-01
6.034802e-01
-4.380115e-01
-1.016104e-01
2.317257e-02
2.637961e-01
2.511309e-01
-4.907528e-02
7.184766e-02
1.069213e-01
3.168547e-01
-2.113140e-01
-4.608943e-01
1.003979e-01
-3.683102e-01
-3.034813e-02
2.473937e-01
-2.790353e-01
6.462411e-01
2.477927e-01
5.836762e-01
3.022637e-01
2.447005e-01
2.528144e-01
-3.758462e-01
3.168954e-01
-8.248970e-02
1.892045e-02
1.433222e-01
1.224446e-01
3.355123e-04
-2.146242e-01
-5.381353e-02
1.070536e-01
-1.486246e-02
6.199731e-02
-1.594896e-01
4.323951e-01
-3.194876e-01
-5.866309e-01
-2.479655e-02
-1.219034e-01
1.948825e-01
-1.106632e-01
3.321743e-01
9.594233e-02
-2.240941e-02
-6.050151e-01
-3.273101e-01
-3.221357e-01
-2.020115e-02
3.700001e-01
-3.840154e-01
4.615314e-01
-3.450267e-01
2.942500e-01
3.123091e-02
-1.279826e-01
3.652764e-01
-2.343015e-01
4.972082e-01
-8.572485e-02
1.962122e-01
-5.452855e-01
-4.636871e-01
-3.467585e-01
-4.950760e-01
-1.549444e-01
-3.593778e-01
3.906470e-01
-5.001955e-01
-4.242171e-01
-2.776955e-01
-1.000444e-01
-2.350075e-01
2.738999e-01
1.554436e-02
2.715984e-02
1.699501e-02
-4.366271e-01
5.502561e-01
-5.238450e-01
3.783290e-01
-2.050230e-01
2.860945e-01
-2.146051e-01
2.229807e-01
4.066273e-01
1.181536e-01
3.901256e-01
3.387327e-01
6.483651e-01
-3.666248e-01
2.611465e-01
-9.787946e-02
4.681656e-02
-2.757009e-01
1.363499e-01
-3.177019e-01
4.284714e-01
-2.386686e-01
1.634399e-01
-2.945842e-01
3.264861e-01
5.968592e-02
5.150934e-01
-6.322978e-02
4.984074e-01
-2.509190e-01
4.499759e-01
-3.545231e-01
-1.238780e-01
2.928719e-01
-2.531705e-01
9.481576e-02
-3.605581e-01
3.130088e-01
-4.283213e-01
-1.253524e-01
8.466476e-02
6.878673e-02
1.695878e-02
6.730193e-01
3.364842e-01
5.358251e-01
2.644527e-01
2.999369e-01
-6.430440e-02
1.188483e-01
2.146721e-01
9.358842e-02
2.283644e-02
-7.961571e-02
3.669112e-01
-9.753883e-02
-4.929043e-01
-2.352105e-02
-3.404621e-01
4.573403e-02
4.203444e-01
-8.417551e-02
2.134790e-01
-5.368801e-01
3.697255e-01
5.891695e-02
4.221828e-01
-2.816668e-02
-5.922552e-02
-5.024322e-01
-1.750389e-01
-3.282677e-01
4.261925e-01
-5.658531e-01
2.302368e-01
-8.110808e-02
2.745990e-01
-1.040900e-01
1.929455e-01
-2.156615e-02
-2.214679e-01
-2.385624e-01
-4.649183e-01
-1.093685e-01
7.162381e-02
6.686320e-02
-2.538862e-01
3.491601e-01
-4.172651e-01
2.133008e-01
-5.219553e-01
2.931002e-01
2.927925e-01
6.555864e-02
4.085663e-01
5.157164e-02
-1.919303e-01
4.393556e-01
-2.961450e-01
4.189818e-01
-1.192734e-01
-4.279504e-01
-7.606582e-02
-2.083678e-01
-3.362205e-01
-1.045451e-01
-2.257912e-01
1.490092e-01
2.312716e-01
-3.801403e-01
1.284887e-01
-3.465558e-01
-2.417527e-01
-6.355648e-01
-4.335975e-01
-3.531284e-01
1.499372e-02
-2.389675e-01
1.564998e-01
-4.127202e-01
2.182225e-01
2.271815e-01
2.981654e-01
5.468816e-01
2.314878e-01
2.875349e-02
3.224978e-01
-2.494642e-02
8.331609e-02
-1.300863e-01
-3.613210e-02
-2.722842e-01
2.807866e-01
2.336364e-02
4.051112e-01
7.742323e-01
-3.335473e-01
-2.469414e-01
-4.915145e-01
-2.316047e-01
5.820856e-01
-2.002509e-01
2.702513e-01
-2.027489e-01
2.710879e-03
3.874262e-01
1.288742e-02
3.258879e-01
1.496961e-02
4.249003e-01
-6.773450e-02
4.745137e-01
2.908121e-01
-6.138019e-02
4.644560e-01
-4.179009e-04
-1.453142e-01
1.156627e-01
7.833954e-02
-1.194545e-01
4.304584e-01
-2.951576e-02
3.463246e-01
-5.041489e-01
-1.672390e-01
-5.724115e-02
-5.533840e-01
-1.549590e-01
-5.493548e-01
1.001686e-01
-4.224584e-01
1.455932e-01
2.214059e-01
-5.960754e-02
-4.467483e-02
-7.352158e-02
7.651723e-01
-2.742303e-01
1.507785e-01
-5.348784e-01
2.967129e-01
-2.643562e-01
3.331279e-01
-4.546455e-01
4.864310e-02
2.289786e-01
1.217213e-01
1.063867e-01
-2.842399e-01
-2.131997e-01
-2.321862e-01
5.141183e-01
1.441078e-01
4.364111e-01
5.267029e-01
2.350138e-01
2.408747e-01
-9.615514e-02
3.720594e-01
2.989521e-01
2.354917e-01
-8.854843e-02
7.142362e-02
6.785751e-02
-3.361494e-01
2.405138e-01
-1.516321e-01
5.326147e-01
-6.164989e-01
2.611399e-01
-3.282414e-01
5.371733e-01
3.398948e-02
5.223123e-01
3.782267e-01
1.404074e-01
1.382889e-01
-3.043981e-02
1.382004e-01
-2.835479e-01
-1.949542e-02
1.567114e-02
1.843590e-01
-1.736606e-01
-2.551382e-01
-1.350419e-01
-6.534596e-02
-2.902587e-01
2.245999e-01
3.493547e-02
1.080531e-01
-1.488042e-01
-2.497994e-01
3.024402e-01
-2.121795e-01
-1.830860e-01
3.860308e-01
4.276104e-01
1.646360e-01
-2.121563e-01
2.267093e-01
-6.655854e-02
3.177052e-01
1.726883e-02
-1.209944e-01
-5.511568e-01
-1.131288e-01
-3.895094e-01
3.198335e-01
6.743759e-02
3.727744e-01
-2.513098e-01
2.318618e-01
4.221313e-01
6.190102e-01
5.591132e-02
2.991143e-01
-3.122105e-01
-6.424057e-03
7.135815e-02
-1.383033e-01
2.764480e-01
8.143759e-02
-1.904648e-01
-1.417628e-01
-4.248251e-01
1.730832e-02
-1.471577e-02
-6.965030e-02
2.440078e-01
1.596619e-01
4.116013e-01
4.435179e-01
-6.425343e-01
3.063676e-01
-1.154652e-01
-5.816752e-02
3.462551e-01
6.596623e-03
3.238003e-01
-4.338676e-01
2.393643e-01
-3.015602e-01
5.015873e-01
-7.647121e-03
1.560725e-01
-7.684461e-02
2.883474e-01
1.880338e-01
-4.569159e-01
3.686869e-01
-4.043473e-01
-3.957684e-01
2.643600e-01
-1.244762e-01
-6.905129e-02
-7.217562e-02
1.164389e-01
4.899918e-01
3.700036e-01
2.658877e-01
2.608790e-02
3.903051e-01
-1.121821e-02
-2.741968e-01
-3.564671e-01
-5.890616e-01
-4.735920e-01
2.669587e-01
-6.292729e-02
5.309195e-01
-2.297935e-01
-4.801394e-01
-4.393548e-01
-4.360173e-01
-2.759658e-01
7.832115e-02
1.810013e-01
3.201698e-01
-3.828583e-02
1.377183e-02
-4.737210e-01
-7.873612e-02
-2.436061e-01
1.498489e-01
3.052715e-02
1.549912e-01
3.157231e-02
4.532458e-01
-2.886006e-01
4.187063e-01
6.716508e-02
4.440341e-01
-2.903781e-01
4.962545e-01
-2.792820e-01
-3.981438e-02
3.120846e-01
3.110161e-02
-9.346443e-03
-9.330224e-02
-3.635464e-03
-1.275230e-01
5.542451e-01
2.688428e-01
3.813905e-01
7.307414e-01
3.471175e-01
4.338140e-01
-4.360305e-01
3.132105e-01
-4.235276e-01
-3.618726e-01
1.448855e-01
3.756228e-02
2.965627e-01
-1.243027e-01
2.112479e-01
7.207567e-02
-2.181716e-01
6.107060e-01
1.920439e-02
3.744739e-01
-1.075184e-01
2.471413e-01
-6.399003e-02
2.061325e-01
1.234802e-01
9.059921e-02
-2.118057e-01
8.504090e-02
-5.026680e-01
-2.978536e-01
2.255065e-01
1.104147e-01
3.430869e-02
1.455868e-01
3.741686e-02
-3.092602e-01
-6.044619e-02
2.804044e-01
5.942486e-01
6.238467e-01
3.574611e-01
5.200562e-01
4.256171e-01
1.484848e-01
2.015649e-01
3.134494e-01
-7.594539e-02
4.725309e-02
-1.664100e-01
3.795026e-01
-3.615445e-01
3.198611e-01
-7.156858e-02
-3.820909e-01
2.214924e-01
-1.172987e-01
4.011997e-01
-3.790312e-01
-1.099005e-02
-3.376436e-01
-1.132203e-01
2.411905e-01
7.321925e-02
5.694708e-01
2.071686e-01
2.584197e-01
-7.873069e-03
1.129564e-01
-5.968903e-02
3.087230e-01
2.536344e-01
5.128827e-01
5.168047e-01
2.015547e-01
4.386708e-01
5.245457e-02
3.876956e-01
-5.838488e-02
-5.880474e-01
2.590761e-01
-2.419582e-01
-1.274325e-01
4.257600e-01
-1.122831e-01
1.999038e-01
-1.474206e-01
-2.984090e-01
-3.547385e-01
-1.958843e-01
2.762654e-01
3.512063e-01
2.171047e-01
6.033035e-01
-8.216160e-02
-4.282616e-01
4.402814e-03
-3.898154e-01
-2.416440e-01
1.436633e-01
-1.287898e-01
3.098203e-01
-7.026149e-01
1.919376e-01
-1.924123e-01
4.104069e-01
-2.047272e-01
3.214740e-02
2.246323e-01
1.976614e-01
1.192824e-01
-5.165393e-03
-3.783118e-01
2.499469e-01
-1.444425e-01
4.132059e-02
-5.954848e-02
3.518183e-01
-7.502174e-02
-3.949609e-01
-1.657696e-01
3.309490e-02
2.810902e-02
-4.409159e-02
4.410110e-01
3.187040e-01
-4.892571e-01
-4.814727e-01
-4.659164e-01
-4.108651e-01
-7.746434e-02
-3.459270e-01
6.637883e-02
-5.185024e-01
8.977821e-02
-1.127115e-01
-1.380189e-01
-1.506666e-01
-2.353609e-01
1.206762e-01
-3.542768e-01
-2.424070e-01
4.112059e-02
-4.247003e-01
-1.287523e-03
-4.676528e-01
3.815017e-01
-2.093755e-01
-2.071146e-02
-4.786862e-02
-3.454170e-01
3.972933e-01
-5.785790e-01
5.111960e-01
-1.711662e-01
3.036123e-02
-3.089020e-01
4.875869e-01
-8.150232e-03
1.605088e-02
2.022420e-01
-1.548601e-01
1.538571e-01
-3.091386e-01
1.262905e-01
-4.267851e-01
-9.948803e-02
2.752260e-01
-9.578632e-02
4.932372e-01
-2.112315e-01
-4.553479e-01
-2.338903e-01
-5.324375e-01
-2.582174e-01
4.622099e-01
-2.567515e-01
4.111575e-01
1.889828e-02
-5.734776e-01
-3.965786e-02
1.131008e-01
-8.844541e-02
1.054208e-01
-2.476370e-01
3.920729e-01
-2.332030e-01
4.786221e-02
-2.639703e-01
1.092842e-01
-2.631367e-01
-4.180860e-01
-1.133548e-01
-4.712877e-01
2.971565e-01
-4.298483e-01
4.738853e-01
-5.276713e-01
2.957526e-01
-1.974778e-01
1.623200e-01
-3.972907e-01
5.852638e-01
1.764824e-01
3.501419e-01
6.154563e-01
-3.287060e-01
-5.076234e-01
-4.346797e-01
-4.143317e-01
3.480933e-02
4.058662e-01
3.430555e-01
4.861741e-01
-8.236060e-02
1.448783e-01
2.030271e-01
8.057408e-02
-2.885944e-02
-6.927290e-01
-2.689425e-01
-1.986780e-01
3.810224e-01
-2.043570e-01
4.447299e-01
1.676711e-01
-5.821595e-01
2.396869e-01
-3.094611e-01
-2.176465e-02
-5.509536e-02
-2.404142e-01
5.697601e-02
-9.559201e-02
-2.099372e-01
-1.200162e-01
-4.830254e-01
-1.664104e-01
-5.033846e-01
3.153714e-01
-4.845953e-01
2.884532e-01
3.102967e-02
-2.614334e-01
3.051405e-01
-3.809120e-01
2.722521e-01
5.478050e-01
6.968107e-01
2.240456e-01
2.850573e-02
3.759161e-01
-8.108370e-02
5.264772e-01
1.946793e-01
2.718373e-02
4.546127e-01
-1.211855e-01
5.436004e-01
-3.858278e-02
3.502328e-01
5.878161e-02
2.191768e-01
4.928481e-01
2.575764e-01
4.600289e-01
-4.380674e-01
-1.802510e-01
-3.401919e-01
-6.932941e-02
1.001021e-01
3.178725e-01
-5.785814e-02
2.307458e-01
5.371160e-03
5.239186e-01
1.438636e-01
2.039562e-01
-2.887142e-01
9.445918e-03
-1.147167e-01
-1.640393e-02
9.505083e-02
-2.821412e-02
5.344770e-02
-1.461786e-01
-5.500510e-01
-2.061350e-01
-3.200853e-01
-7.670574e-02
-3.935790e-01
-3.126357e-01
-4.992700e-01
6.273871e-02
-1.969438e-01
-5.806227e-01
-1.434951e-01
-1.090718e-02
-2.981610e-01
3.591409e-02
-1.289478e-01
3.383459e-01
1.569886e-01
2.704514e-01
3.072181e-01
2.292435e-01
3.885943e-01
9.361903e-02
2.961820e-01
2.322477e-01
2.117883e-01
5.805089e-01
1.633719e-01
3.931964e-01
2.506300e-01
-3.521849e-01
2.551187e-01
3.456275e-01
-6.112652e-02
-1.827421e-01
1.550825e-01
-1.131914e-02
9.176287e-02
4.768386e-01
4.147688e-02
1.458001e-01
4.060105e-01
-1.844194e-01
1.716377e-01
1.304796e-01
-6.128775e-01
2.788745e-01
-2.414621e-01
2.235745e-01
-1.919610e-01
-1.612582e-01
2.684609e-01
8.784820e-02
-4.297340e-01
2.889031e-02
-1.004136e-01
-2.310998e-01
1.723946e-01
4.494120e-01
2.355109e-01
4.151929e-01
-1.242471e-01
-1.463918e-01
-1.492972e-01
-3.836929e-02
-3.101551e-01
-1.523890e-01
-2.769840e-01
-1.704031e-01
3.909325e-01
-4.676657e-01
3.657242e-01
-4.104357e-01
3.061935e-01
-2.676696e-01
2.299241e-01
-2.661515e-01
5.816077e-02
-1.600040e-01
-3.504009e-01
-1.456219e-01
-2.151278e-01
1.165613e-01
-6.227701e-02
3.666960e-01
3.425155e-01
-1.166706e-01
4.604745e-01
-2.466412e-01
1.491237e-01
4.531992e-01
4.862523e-01
5.091535e-01
-8.267131e-02
5.535816e-01
-2.817162e-01
4.153133e-01
5.404778e-01
-4.348378e-01
2.657165e-01
-3.549151e-01
-1.588065e-01
8.204295e-02
5.038517e-02
-6.446864e-02
1.266470e-01
4.551081e-01
-6.416231e-02
4.566847e-01
1.623323e-01
-3.975957e-01
2.073958e-01
-1.858889e-01
-4.206445e-01
7.212580e-01
-3.745406e-01
1.969740e-01
3.284861e-02
2.215535e-01
-1.240008e-01
1.162379e-01
1.588711e-01
4.000390e-01
2.583042e-01
5.160796e-01
-2.673633e-01
-1.237381e-01
-2.640316e-01
5.313568e-02
-2.209277e-01
3.878293e-01
-2.101559e-01
8.363672e-02
-4.995726e-01
3.518022e-03
-3.960039e-01
1.388541e-01
3.004252e-01
7.742211e-02
5.781225e-01
-1.128111e-01
2.014532e-01
2.965696e-01
4.375658e-01
2.463877e-01
4.798824e-01
-4.355790e-01
5.008801e-01
-4.970382e-01
1.345329e-01
-4.435745e-01
1.857758e-01
-4.518151e-01
-3.655777e-01
2.225034e-01
-2.068672e-01
6.881355e-02
-2.340766e-01
1.556305e-01
-2.833527e-01
9.021908e-02
2.962190e-01
-4.051642e-02
4.257964e-01
-3.916049e-01
-2.721058e-01
-2.483840e-01
4.173627e-02
-4.263291e-01
5.628999e-01
7.252326e-02
1.326186e-01
9.303841e-02
3.098394e-01
1.652050e-01
3.089159e-01
5.241202e-02
-1.472096e-01
-4.133851e-01
-3.981090e-01
-4.894088e-01
3.738234e-01
4.703603e-01
2.735841e-01
1.508708e-01
-1.418807e-01
5.545274e-01
-4.505265e-01
4.321593e-01
-1.991062e-01
-3.490666e-01
-1.215191e-01
-2.552081e-01
-2.483892e-02
3.407688e-01
2.379126e-01
8.851817e-02
-2.548777e-01
2.245164e-01
-1.739401e-01
3.691153e-01
-9.551678e-02
5.299802e-01
-1.378015e-01
-7.261321e-02
2.092790e-01
-9.067172e-02
-3.657846e-01
-8.670026e-02
-4.031404e-01
-8.193357e-02
-4.044043e-01
-1.489014e-01
-2.383710e-01
5.308374e-01
4.013644e-02
4.591414e-01
-7.686145e-02
9.353672e-02
-3.247880e-01
-3.128467e-02
2.890250e-01
1.832904e-04
6.121400e-01
-7.888812e-02
-4.253151e-01
-2.679502e-02
-4.284980e-01
1.879240e-01
3.545743e-03
4.352938e-01
-3.077144e-01
4.881986e-01
4.562499e-01
2.430874e-02
3.815950e-01
1.807656e-01
-5.168638e-01
-6.872239e-02
-4.096156e-01
1.296677e-02
-2.795911e-01
6.228805e-03
-1.253924e-01
2.947203e-01
1.927965e-01
-1.310780e-01
5.829680e-01
-3.558643e-01
1.581284e-01
2.035960e-01
1.532578e-01
-1.106890e-01
2.746143e-02
5.935485e-01
2.394491e-01
3.786462e-01
-2.980410e-01
1.635759e-01
-3.841336e-01
4.582656e-01
-5.442055e-01
9.700427e-02
-2.612335e-01
7.198750e-01
2.704540e-02
-4.454849e-02
-2.736656e-01
5.319641e-02
1.133755e-01
4.795161e-02
-1.955937e-01
1.166373e-01
-1.375654e-01
-2.026652e-01
-4.103434e-01
-7.532326e-02
4.590281e-01
1.403591e-01
3.501989e-01
3.068341e-01
5.715618e-01
-3.335479e-01
2.775365e-01
-5.039460e-01
-2.548313e-01
-3.440406e-01
-3.526135e-01
-4.132531e-01
3.461769e-01
1.296394e-01
3.321831e-01
2.308343e-01
2.657331e-01
1.001754e-01
8.465066e-02
1.018701e-01
1.708245e-01
-1.490707e-01
-1.854920e-01
-1.416817e-01
3.249502e-01
-1.510911e-01
3.675051e-01
-1.085334e-01
1.402568e-01
4.903793e-01
2.503568e-01
4.314538e-01
2.056980e-01
-2.980726e-01
5.218335e-01
-3.622477e-01
1.846478e-01
2.064910e-01
7.812336e-01
2.127862e-01
5.950661e-02
1.717716e-01
8.169440e-02
-4.601250e-02
1.588826e-01
3.135400e-02
-1.710972e-01
3.888220e-02
5.282549e-02
-8.053231e-02
1.317259e-02
-2.659185e-01
1.964792e-01
2.453765e-01
8.463731e-02
7.217039e-02
-2.494128e-01
8.628825e-02
-4.468496e-01
-3.249586e-01
2.273189e-01
-2.931132e-01
3.852681e-01
-2.625127e-01
-1.048434e-01
-3.114586e-01
-9.456990e-02
-4.646950e-01
-6.220151e-02
-7.452723e-02
-2.296381e-01
-3.929906e-01
-2.781779e-01
5.674419e-01
-2.345403e-01
1.700115e-01
-4.292371e-01
4.075960e-01
-3.328135e-01
4.454695e-01
-4.419990e-01
3.307786e-01
-4.164758e-01
5.187659e-01
-3.966180e-01
-4.048546e-01
-4.335707e-01
-1.661865e-01
1.605289e-02
1.317867e-01
7.852109e-02
-2.481874e-02
3.726553e-01
2.666116e-02
4.457193e-01
1.150129e-01
4.388023e-01
1.675644e-01
1.722800e-03
1.899910e-01
5.412675e-03
-4.192946e-03
1.133007e-01
-6.655061e-02
-3.587247e-01
-6.597768e-02
-3.192347e-01
-6.926860e-02
3.339739e-01
-2.785791e-02
2.203207e-01
-2.042550e-01
1.477662e-01
2.570717e-01
-1.132585e-01
5.490654e-01
-3.118745e-01
3.534075e-01
-6.442641e-01
2.631544e-01
-1.758537e-01
-3.200673e-01
-3.966180e-01
-8.372222e-02
-2.285122e-02
-6.182699e-02
-1.036441e-01
2.063354e-01
-5.561809e-01
3.202257e-01
-4.395734e-01
5.819883e-01
-3.090533e-01
6.483297e-02
-3.882657e-01
-7.139043e-02
1.311695e-01
2.937193e-01
3.274754e-01
4.259729e-01
3.854360e-01
-4.739520e-01
4.266673e-01
-3.713620e-01
1.109784e-01
-3.001795e-01
-4.942065e-02
-2.452002e-01
-1.210122e-02
-3.654118e-01
-5.292844e-01
-2.701320e-01
-3.999016e-01
3.502662e-01
-5.682800e-01
5.647614e-01
1.486657e-01
3.193783e-01
5.760124e-01
4.734303e-01
-5.026643e-01
-1.306319e-01
-2.814658e-01
-5.115686e-01
1.533736e-01
3.096655e-01
5.464136e-01
6.844179e-01
2.208954e-01
2.938952e-01
4.698052e-01
4.638525e-01
4.132370e-01
4.237921e-01
2.489868e-01
4.322298e-01
-1.547558e-01
4.642631e-01
-3.023365e-01
2.715043e-01
-2.446397e-01
-1.607070e-01
-4.071243e-01
-3.501001e-01
-4.404097e-01
-5.541957e-01
-3.286027e-01
-2.852437e-01
1.135032e-02
-3.816498e-01
2.980254e-01
-5.660584e-01
-3.755981e-01
5.755698e-02
-3.616951e-01
4.620086e-01
-1.996104e-01
-6.033334e-02
2.442385e-01
-1.449508e-01
8.397234e-02
-1.978661e-01
-1.030878e-01
7.375878e-02
-3.005064e-01
3.054945e-01
-5.238496e-01
2.904756e-01
-1.177666e-01
-2.896122e-01
-6.614159e-01
-2.770916e-01
-3.363890e-01
1.418641e-02
-6.380983e-01
-2.598682e-01
5.354366e-01
4.499091e-01
3.310223e-01
4.932748e-01
-6.586020e-01
-2.258120e-01
-2.621896e-01
1.645289e-01
1.462799e-01
-9.420734e-03
3.022140e-01
1.712059e-01
6.610519e-01
-4.472139e-01
1.926659e-01
-5.361960e-01
3.862373e-01
-3.974734e-02
4.528473e-01
3.237477e-01
-4.964049e-01
-2.066398e-01
-2.950876e-01
1.461578e-01
-1.310596e-01
2.123080e-01
-3.492490e-01
5.438184e-01
1.719612e-01
-2.240558e-01
-3.821789e-02
-2.312517e-02
-5.603951e-01
-4.382226e-01
-4.139129e-01
-1.885550e-01
8.073666e-02
-6.509039e-01
3.013968e-01
-2.801111e-01
1.673965e-01
8.977969e-02
1.096879e-01
9.858625e-02
2.935778e-02
2.129597e-01
-4.481848e-01
-9.029050e-02
1.869583e-01
1.018064e-01
1.365128e-01
1.037409e-01
6.185811e-01
-4.922584e-01
3.007075e-01
-3.295723e-01
-1.338944e-01
-5.077868e-01
-2.795158e-01
-3.890371e-01
-2.006084e-01
4.834501e-02
-1.368130e-01
-1.418432e-01
4.501937e-01
-6.631589e-02
4.803216e-01
3.228505e-01
-3.444193e-01
1.322485e-01
-8.192655e-02
2.801356e-01
-4.321515e-01
-6.185845e-01
-1.989787e-01
-2.900993e-01
-1.962200e-01
-1.147413e-01
-5.633244e-01
2.589254e-01
-4.825542e-01
5.239976e-02
-1.004002e-01
2.792538e-01
-4.140640e-01
-9.402787e-02
-2.534317e-01
-4.434172e-01
2.713617e-01
2.186338e-01
3.927465e-01
2.890337e-01
-2.045908e-01
3.823188e-02
-1.120557e-01
5.910775e-02
-5.329823e-01
-1.113576e-01
-2.726512e-01
3.878302e-02
4.706026e-02
3.638729e-01
1.043947e-01
3.208156e-01
4.090123e-01
2.762721e-01
1.043277e-01
3.159406e-01
9.785493e-02
6.185258e-02
5.856969e-01
2.686261e-01
8.750364e-02
-6.091063e-01
-1.258948e-01
-2.578523e-01
-2.321980e-01
3.777848e-02
-2.428882e-01
2.643608e-01
6.214710e-02
-1.767351e-01
2.436848e-01
-6.028731e-02
-2.208437e-02
-3.670156e-01
-9.292112e-02
2.753866e-01
-9.265473e-02
3.374467e-01
-2.238164e-01
1.946082e-01
1.298150e-01
1.327708e-01
6.834711e-02
7.036563e-02
2.086538e-01
-6.013723e-01
5.669504e-01
-2.885127e-01
-3.364686e-01
-2.173391e-01
-4.128829e-01
-5.370663e-02
-4.115141e-01
2.891842e-01
-3.215372e-01
5.611836e-02
-4.560748e-01
-2.723866e-01
-5.434636e-01
-4.286861e-01
-2.678068e-01
-1.092127e-02
-1.636087e-01
-1.184466e-01
1.988263e-01
-4.433758e-01
2.396998e-01
-5.087993e-01
-5.291983e-01
-4.971536e-01
-4.255441e-01
-3.726965e-01
-3.931786e-01
-3.950031e-01
-3.040756e-01
-3.057797e-01
6.698430e-02
-2.497777e-01
-1.373884e-01
-4.877177e-01
4.271192e-01
5.086791e-01
5.407153e-01
4.509003e-01
4.972538e-01
-1.493660e-01
2.024036e-01
-4.687980e-01
1.964236e-02
-2.975017e-01
1.624582e-03
6.793326e-02
6.579833e-02
-1.517510e-01
-1.691194e-01
-3.600784e-01
3.121475e-01
2.976012e-01
6.292511e-01
3.848863e-01
-1.093677e-01
6.647160e-01
4.199253e-02
2.383564e-01
-1.027582e-01
-2.705957e-01
9.362200e-02
-3.973807e-01
-4.831448e-01
-5.733938e-02
-3.789005e-01
-6.090920e-01
6.830407e-01
6.504522e-01
3.138122e-01
3.244585e-01
9.638023e-03
4.268907e-01
-3.859961e-01
3.634497e-01
-2.832389e-01
-4.101964e-01
-2.265000e-01
-4.615573e-01
-1.435206e-01
5.067364e-01
-9.390235e-02
2.667927e-01
-2.836378e-01
-5.439490e-01
-2.380106e-01
-3.975336e-01
-3.902663e-01
1.985959e-01
-1.118394e-01
1.063243e-01
4.552787e-01
2.933299e-01
3.115975e-01
3.958259e-02
1.577053e-01
2.802354e-01
2.631512e-01
9.709152e-02
1.845913e-01
3.009301e-02
-1.837902e-01
-1.645649e-01
4.952799e-01
-5.339899e-02
1.859945e-01
-8.975122e-03
-5.622294e-02
-3.211760e-01
1.242504e-01
2.804046e-01
1.917146e-03
1.890081e-01
2.114270e-02
1.679179e-01
2.617755e-01
3.927946e-03
5.645299e-01
3.611081e-01
-2.969863e-02
2.033237e-02
1.202214e-01
3.572387e-01
-5.210604e-01
-4.911680e-01
1.351466e-01
-3.867311e-01
-4.174540e-01
-5.620088e-01
-3.532102e-01
-4.131728e-01
-3.956984e-02
-2.835181e-01
-4.693451e-01
-3.289887e-01
-8.404867e-02
-2.690212e-01
4.175894e-02
-1.147450e-01
1.434457e-01
-2.058635e-01
-2.498987e-01
-1.117138e-01
-4.596584e-01
1.231033e-01
-2.943089e-01
3.683552e-02
4.609180e-01
-5.407351e-01
-1.039348e-01
-3.478872e-01
3.902291e-01
-1.741459e-01
3.029815e-01
-3.445701e-02
-6.228597e-02
2.958736e-01
-1.247677e-01
6.077405e-01
2.390356e-01
-2.456720e-01
5.343676e-01
-3.342649e-01
-3.542584e-01
-3.624377e-01
-2.142192e-01
-4.800839e-01
4.433074e-01
-2.615601e-01
1.410737e-01
-7.145530e-02
-3.835727e-01
-2.779059e-02
-2.826146e-01
-8.665414e-02
2.642013e-01
3.735611e-01
9.743582e-02
4.728325e-01
3.866395e-01
-5.199834e-02
3.947364e-01
3.334065e-02
4.286828e-01
3.500931e-01
3.649764e-01
2.148419e-03
-2.993176e-01
-5.742984e-01
-2.685687e-01
-3.575787e-01
7.953602e-03
-5.521688e-01
-2.888488e-01
-3.941546e-01
-2.052332e-01
4.585830e-02
-3.018240e-01
2.756062e-01
-2.531762e-01
-4.208476e-01
3.541419e-02
-5.121435e-01
5.279435e-01
3.831851e-01
4.388991e-01
4.094289e-01
-3.458218e-01
-7.828196e-02
-3.999324e-01
3.875242e-01
-1.176201e-01
-4.152334e-01
-1.247963e-01
-4.842784e-02
-7.095957e-02
9.689539e-02
6.830836e-02
3.803232e-01
1.324623e-01
6.022204e-01
1.774742e-01
1.542379e-01
-4.286384e-01
-2.613840e-01
-4.499512e-01
4.103947e-02
4.776621e-02
9.565904e-02
5.176902e-01
-3.086259e-02
-4.552765e-01
-3.089402e-01
-4.206391e-01
-4.318358e-01
-4.804681e-01
-2.468533e-01
-4.219633e-01
-1.254802e-01
3.649414e-01
1.207737e-01
2.719262e-01
6.948434e-02
-1.930053e-01
-4.528355e-02
-1.205781e-01
-2.950359e-02
1.964271e-01
-7.354208e-02
-2.141998e-01
-1.295410e-01
3.025947e-01
3.888610e-01
2.588487e-01
6.917348e-02
5.001237e-01
-3.386003e-01
4.571975e-01
-4.386824e-01
3.603719e-01
1.962000e-01
5.883891e-01
2.566504e-01
-4.291414e-01
2.162710e-01
-4.180342e-01
-3.945890e-01
3.631763e-01
2.243930e-01
-6.309691e-02
1.326703e-01
-4.727198e-01
4.018000e-01
-3.406652e-01
1.939718e-01
-5.645030e-01
-4.689849e-02
-3.654515e-01
-1.421503e-01
9.422372e-02
-6.893636e-01
1.040604e-01
-2.581844e-01
-2.655610e-01
-2.744183e-02
-5.828769e-02
3.696736e-01
8.955534e-03
5.648697e-03
-4.294115e-01
-2.525283e-01
2.213521e-01
1.343137e-01
2.120014e-01
-1.207372e-01
-7.589932e-02
1.133835e-01
1.447508e-01
-2.430527e-01
4.000240e-01
1.420463e-01
3.999371e-01
-4.111701e-02
1.324305e-01
-8.155520e-02
-6.686351e-02
-2.091438e-01
1.750853e-01
1.125553e-01
3.327342e-02
1.696560e-01
3.060451e-01
1.755931e-01
5.811733e-01
-3.217151e-01
-2.123849e-01
2.936934e-01
-2.676375e-01
2.800256e-01
3.764456e-01
7.816685e-01
3.687136e-01
1.042072e-01
-1.780642e-02
1.808965e-01
6.517351e-02
1.197932e-01
2.010483e-01
-1.181020e-01
6.279140e-02
-3.254901e-01
-2.383197e-01
-6.294663e-02
-2.213093e-01
-1.354520e-01
-6.726232e-01
-2.491788e-01
-2.621455e-01
1.086644e-01
-1.719012e-01
5.707089e-01
-6.160402e-02
1.981968e-01
3.806795e-02
3.595540e-01
2.119702e-01
-2.243611e-01
-1.439925e-01
-2.647171e-01
-3.857659e-01
-2.455521e-01
5.513180e-01
-9.216459e-02
3.394291e-01
-1.262459e-01
-4.369125e-01
2.258381e-01
-3.913498e-01
-1.634793e-01
1.147438e-02
-2.816440e-01
-2.039314e-02
-4.136227e-01
1.772044e-01
1.662941e-01
6.740540e-02
2.655182e-01
-4.240921e-01
3.646960e-01
-3.049347e-01
4.394422e-01
-5.002344e-01
3.633710e-01
-2.001441e-01
2.986710e-02
-1.407388e-02
4.538823e-01
3.728919e-01
4.997042e-01
-1.403956e-01
1.649108e-02
-4.778410e-01
-1.592065e-01
2.512163e-02
2.738425e-01
1.194287e-01
3.102029e-01
2.025551e-01
4.717707e-01
-1.128868e-01
3.304754e-01
2.551391e-01
-4.269522e-01
3.896630e-01
1.234205e-01
1.557523e-01
4.070162e-01
5.653704e-01
4.711691e-01
5.359344e-01
-4.085120e-01
3.041497e-01
8.640210e-03
-8.105053e-02
3.160471e-01
-2.317081e-02
-1.354928e-02
-1.030017e-01
4.563700e-01
4.374419e-02
3.162816e-01
3.359985e-01
1.980929e-01
5.647393e-01
1.904798e-01
1.821754e-02
3.912469e-01
4.864517e-01
3.985557e-01
-4.561633e-01
-4.227037e-01
-4.860326e-01
-5.591269e-01
-1.634633e-01
-1.531663e-01
-2.342418e-01
1.443162e-01
3.496502e-01
3.098322e-01
2.699291e-01
1.806349e-01
4.962210e-01
8.403185e-02
1.612154e-01
2.878592e-01
4.012916e-03
-3.359310e-01
-1.816443e-01
-1.910923e-01
-3.004943e-01
2.774529e-01
-1.071633e-01
-3.518891e-01
1.350065e-01
-1.854622e-01
2.250780e-01
2.153656e-01
1.322242e-01
1.844900e-02
1.182602e-01
-2.317173e-01
-4.958691e-01
7.626499e-02
-4.133411e-01
6.071952e-01
5.769615e-02
4.028077e-01
1.152317e-01
1.532798e-01
-3.111302e-02
-9.009255e-02
1.012768e-01
-1.130286e-01
4.777472e-02
-9.827314e-02
4.751261e-02
-1.114551e-01
-4.902673e-01
-2.460855e-01
-3.323760e-01
-2.522093e-01
6.782770e-01
-5.224134e-01
1.861143e-01
-2.931269e-01
-1.295034e-01
-5.333259e-01
-3.900431e-01
-3.260834e-01
-2.105008e-01
-4.764213e-01
-5.254764e-01
-2.072183e-01
-2.580570e-01
7.975478e-02
-3.944012e-01
2.230483e-01
1.892053e-01
-3.609811e-01
6.871337e-01
-6.383666e-01
-1.352849e-01
-2.199671e-01
-1.304965e-01
-3.008192e-01
-2.740475e-02
2.952659e-01
3.075599e-01
2.798416e-01
-2.792028e-01
-5.574450e-01
-3.564135e-01
-3.116841e-01
3.363975e-01
3.443230e-01
-1.407303e-01
2.801429e-01
8.861817e-02
-5.163280e-01
-1.841534e-01
-3.422955e-01
-1.525885e-01
5.117163e-01
2.330175e-01
3.959375e-01
5.220721e-01
-1.482948e-01
4.449231e-01
-3.550164e-01
3.609590e-01
5.158205e-01
1.604987e-01
3.143949e-01
-2.651395e-01
2.371009e-01
-3.459788e-01
2.566773e-01
-1.468764e-01
3.484824e-01
-2.568597e-01
4.857766e-01
-4.641153e-01
2.895227e-01
-4.932859e-01
4.704489e-01
3.999043e-01
-2.744547e-01
4.600009e-01
-1.616263e-01
4.987947e-01
-2.622461e-01
4.343566e-01
-1.116973e-01
-2.097725e-01
-4.479278e-01
-4.235550e-01
-3.982331e-01
8.660377e-02
3.954024e-01
2.148946e-01
2.393404e-01
-5.656306e-01
-1.654290e-01
-4.271596e-01
-2.687942e-01
-5.000066e-01
2.622678e-01
-2.535220e-01
2.094843e-01
-4.740839e-01
-1.335085e-02
-3.734389e-01
1.272005e-01
-1.001367e-01
-4.688729e-01
-5.344305e-01
-3.286964e-01
1.069975e-02
-2.510892e-01
5.356264e-02
-2.535381e-01
1.980980e-01
-7.513038e-03
5.281708e-01
-2.310963e-01
1.956518e-01
6.277891e-02
4.387018e-01
-3.076825e-01
3.735388e-01
2.416754e-01
4.233095e-01
4.597368e-01
-8.973148e-03
4.629230e-01
-6.003353e-03
4.724140e-01
2.806406e-01
-2.098745e-01
2.569036e-01
-1.395670e-02
1.099265e-01
5.010479e-01
1.873452e-01
9.506726e-02
2.004069e-01
-2.227859e-01
2.513333e-01
-9.832383e-02
3.566203e-01
-3.233295e-01
3.015980e-01
-1.419453e-01
-3.241174e-01
-2.525168e-01
-4.145796e-01
-6.447725e-01
8.185438e-02
-2.577521e-02
-5.049757e-02
1.109383e-01
-1.341999e-01
2.551826e-01
-6.264698e-01
5.180146e-01
-2.892210e-01
-4.612465e-01
-5.613611e-01
-1.738510e-01
3.718546e-01
2.564804e-02
2.078420e-01
1.068593e-01
2.676473e-01
-1.752580e-01
3.023143e-01
1.827310e-01
-4.780088e-01
-4.332537e-01
-7.754467e-02
-3.995290e-01
1.335002e-01
4.240738e-01
3.829984e-01
4.983162e-01
-5.253884e-01
4.583856e-01
-4.719833e-01
5.041502e-01
-2.957300e-01
7.495616e-02
-3.861243e-01
2.555568e-01
-2.727119e-01
-1.802035e-01
-3.728184e-02
-1.625318e-01
1.195743e-01
1.915183e-01
4.124844e-01
5.007882e-01
3.133357e-01
-1.484795e-01
4.254797e-01
-2.308655e-02
-4.172443e-01
-5.079555e-01
-1.235845e-01
-4.782200e-01
-4.581480e-02
1.650543e-01
-5.457532e-01
1.595039e-01
2.828047e-01
4.285941e-01
5.327929e-01
5.205522e-01
3.472498e-01
3.903555e-01
5.605719e-01
5.034968e-01
-2.421216e-01
-2.050066e-01
-4.897738e-01
-5.258245e-01
-2.845708e-02
-1.050237e-01
-1.517530e-01
-1.526019e-01
-8.379759e-02
-1.765839e-01
-5.039202e-02
-3.041709e-01
9.051146e-02
1.933947e-02
2.788657e-01
-1.331510e-01
3.003247e-01
-6.532866e-02
2.781856e-01
6.786543e-02
-5.456666e-02
-1.421617e-01
2.860158e-01
-2.479178e-01
6.026065e-02
4.882436e-01
5.246747e-02
4.499049e-01
3.785592e-01
-1.839199e-01
3.728904e-01
-2.988246e-02
-1.021001e-01
9.078845e-02
-1.831249e-01
3.112082e-01
5.878527e-02
3.427648e-01
1.012260e-01
4.771396e-01
2.315365e-01
-3.561015e-01
2.323650e-01
-3.153157e-01
-5.900787e-03
3.434235e-01
5.821261e-01
3.957885e-01
-6.660954e-01
-2.254574e-01
-2.435993e-01
-2.932499e-01
-2.891026e-01
7.180306e-02
-3.999767e-01
-6.706902e-02
-5.961359e-03
-3.081580e-01
1.118192e-01
-4.072771e-01
-1.326731e-01
4.986213e-01
2.878321e-01
3.657700e-01
1.618637e-01
-1.397640e-01
2.774673e-01
-2.547329e-01
-1.602188e-01
4.164275e-01
-2.646126e-01
2.169991e-01
-3.821809e-01
-4.871430e-01
-4.811995e-01
-4.029937e-01
-3.531944e-01
-8.229946e-02
-3.386887e-01
1.622975e-01
4.198555e-01
5.735259e-01
2.759681e-01
3.165879e-01
-3.132786e-01
-1.791898e-01
-3.149524e-01
-2.379130e-01
-2.473397e-01
-5.900011e-01
-2.808700e-01
-3.544951e-01
-3.731039e-01
2.904118e-01
2.788905e-02
2.016192e-01
2.656164e-01
2.743654e-01
-1.079843e-02
4.094153e-01
-3.928705e-01
4.851896e-01
-1.700530e-01
2.567347e-01
-7.738308e-02
2.894412e-01
3.211025e-02
4.903249e-01
-4.090851e-01
-3.106546e-01
-1.309235e-01
-6.456022e-01
4.861246e-01
-2.293858e-01
5.007299e-01
-1.178279e-01
2.381699e-01
-1.303642e-01
-1.549561e-01
-2.396500e-01
3.033132e-02
-4.811029e-01
-1.006019e-01
-2.923537e-01
7.071679e-02
-3.124593e-01
2.616126e-02
-2.718493e-01
1.610711e-01
-4.309199e-01
2.812430e-01
-4.228017e-01
-3.980371e-01
9.576269e-02
4.982146e-03
1.191154e-01
4.692232e-03
-2.349549e-01
-1.160165e-01
1.487198e-01
3.697433e-01
5.731109e-01
5.174447e-01
3.227326e-01
-2.065071e-01
-1.282742e-01
-4.882961e-02
-6.033590e-02
-2.957689e-02
-2.981482e-01
-2.610267e-01
-2.380840e-02
-1.093123e-02
-3.137846e-01
-8.259752e-02
-5.367174e-01
1.937646e-01
3.305891e-01
1.864463e-01
3.768580e-01
-1.190074e-01
-4.127750e-01
-5.001218e-01
-5.358792e-01
-5.988322e-01
3.636664e-02
-3.421392e-01
-9.170264e-02
-2.336770e-01
-2.156308e-01
-4.208106e-01
-1.369579e-01
-1.621949e-01
1.660750e-01
2.715775e-01
2.952211e-01
-1.267140e-02
-4.970718e-01
-6.085025e-01
-4.449792e-01
-1.468618e-01
3.567152e-01
-3.066790e-01
5.286417e-01
-1.770585e-01
1.182928e-01
-4.483039e-01
-2.699561e-02
5.835218e-01
5.208950e-01
3.415957e-01
1.788006e-01
6.004484e-02
-2.200720e-01
2.158968e-02
5.291576e-02
-4.862173e-01
-2.319376e-01
-3.957064e-01
-6.004126e-03
6.394872e-04
-2.010608e-01
1.964850e-01
-4.952359e-01
1.347707e-01
-2.379568e-01
-1.120008e-01
-3.318750e-01
7.609896e-03
-6.733504e-02
-2.275539e-01
1.630202e-02
-4.777581e-01
-2.571344e-01
-4.134772e-01
-2.228384e-01
3.233741e-01
1.094081e-01
2.370126e-01
1.252111e-01
1.400880e-01
-1.113033e-01
2.744742e-01
-8.627513e-02
4.563926e-01
-4.733582e-01
3.968484e-01
-3.368568e-01
-7.922369e-02
4.438888e-01
3.457795e-01
3.669327e-01
9.599779e-02
-4.320623e-01
1.629286e-01
-4.465197e-01
2.669628e-01
3.122307e-01
1.470920e-01
3.149894e-01
1.080798e-01
2.719353e-01
6.140653e-01
2.516243e-01
4.385446e-01
1.407400e-01
4.806334e-01
3.996729e-01
1.770266e-01
2.887254e-01
1.036665e-01
4.707770e-01
7.409892e-02
9.333482e-02
1.808106e-01
3.344911e-01
-4.729881e-01
2.799026e-01
-3.406602e-01
-2.450857e-02
-4.169051e-01
4.179100e-01
-3.122667e-01
1.130234e-01
1.747206e-02
-2.044096e-01
8.634874e-02
1.203445e-02
-2.240100e-01
-1.289908e-01
-3.486066e-01
2.167365e-01
1.485223e-01
-4.879610e-01
-7.289597e-02
-2.439192e-01
-6.114365e-01
-6.530392e-02
-2.658066e-01
3.874513e-01
-4.375057e-01
8.367536e-02
-7.512472e-02
2.805558e-01
-1.309494e-01
-4.603887e-02
-1.723152e-01
1.866079e-02
-7.352912e-02
-4.132374e-01
-3.659393e-01
-4.343540e-01
2.681406e-01
2.914182e-01
-2.454737e-01
5.368670e-01
2.565004e-01
1.834390e-01
3.142508e-01
2.136065e-02
-4.238094e-01
8.363376e-02
-2.429349e-01
-4.494251e-01
2.363742e-01
-5.971287e-01
1.757809e-01
-3.248455e-01
-3.646557e-01
3.479662e-01
-3.504169e-01
3.768454e-01
-7.902236e-02
-2.917422e-01
-2.549124e-01
1.185740e-01
4.415201e-01
-3.483380e-02
1.411215e-01
2.232035e-01
3.325115e-01
2.499818e-01
4.414105e-01
6.488334e-02
3.898451e-01
5.934172e-02
3.754061e-01
-1.844638e-01
-1.873007e-01
5.727166e-01
-6.140833e-01
3.308478e-01
2.156441e-01
4.409172e-01
3.640488e-01
3.861244e-01
-6.632868e-01
-4.020403e-02
-3.182539e-01
-6.224653e-03
-2.307652e-01
-4.272925e-01
2.717160e-01
-1.216158e-01
-3.782560e-01
-1.347575e-01
-3.739908e-01
-4.927679e-01
-4.080220e-01
4.766943e-01
-5.371799e-01
4.936655e-01
-7.426755e-02
2.055490e-01
-1.611794e-01
1.802695e-01
1.811730e-01
-3.204534e-01
5.201247e-01
-2.280772e-01
5.924695e-02
1.179668e-01
2.700377e-01
-2.882968e-01
-1.519342e-01
-4.377572e-01
-7.870622e-02
-4.820770e-01
5.384721e-02
2.659379e-01
1.952144e-01
-1.790632e-02
-1.217006e-01
3.104427e-01
-1.865040e-01
3.865369e-01
-3.672746e-01
5.266186e-03
-3.099334e-01
2.656422e-01
-4.137248e-01
-1.302089e-01
-2.198850e-01
2.515596e-02
-1.949158e-01
-5.493697e-03
-4.623792e-02
1.911855e-01
-2.878100e-01
3.687491e-01
-3.117269e-01
3.182130e-01
-4.364516e-01
-1.048186e-01
-4.001688e-01
3.300696e-02
-5.269499e-01
1.299286e-01
-4.046144e-01
2.898712e-01
-4.179636e-01
3.658405e-01
-4.694876e-01
3.436093e-01
-2.934859e-01
-1.867488e-01
-1.156747e-01
-8.101239e-02
4.878929e-01
-2.539261e-01
4.008285e-01
-4.537887e-02
4.296384e-01
-5.124276e-01
4.090114e-01
-3.074767e-01
-2.353841e-01
4.853578e-01
-3.281650e-01
4.487052e-01
-7.220210e-02
-8.277022e-02
-6.461202e-02
5.185727e-01
2.126517e-01
2.074793e-01
5.742516e-01
9.869210e-02
-2.640183e-01
-2.080441e-01
-1.518791e-01
-3.238811e-01
6.940640e-02
3.486675e-01
1.754781e-01
2.604672e-01
4.078401e-01
-2.710376e-01
4.579856e-01
-5.360760e-01
2.872302e-01
-8.967456e-02
3.971646e-01
2.034670e-01
-2.763502e-01
-3.171920e-01
-1.445711e-01
-6.458016e-01
-1.336133e-01
-2.481948e-01
2.177923e-01
-1.876801e-01
1.505596e-01
-2.698404e-01
-7.591745e-02
-3.201445e-01
4.664270e-01
4.515956e-01
1.592024e-01
3.559873e-01
-3.609776e-01
-1.224322e-01
-3.471294e-01
-4.108969e-01
5.162813e-01
-1.865803e-01
3.869322e-01
-1.200794e-01
-2.186627e-01
-4.058636e-01
-6.185111e-02
-3.443386e-01
4.132591e-01
-1.786008e-01
3.210663e-01
9.439131e-02
1.199360e-01
-1.234370e-01
2.037792e-01
-4.765156e-01
3.069101e-02
-4.071662e-01
8.340278e-02
-5.500367e-01
-5.524614e-01
2.432853e-01
-4.295675e-01
1.932763e-01
-6.429449e-01
3.604143e-01
-2.987436e-01
1.992209e-01
2.618999e-01
-1.046189e-03
-1.329517e-01
8.300877e-02
-9.270608e-02
-4.232015e-01
-3.059794e-01
-4.927187e-01
4.427508e-01
-4.073695e-01
3.958112e-01
-3.501417e-01
-2.693163e-01
-1.963915e-01
-2.089971e-01
1.825517e-01
-1.393379e-01
2.364094e-01
-1.197106e-01
4.881351e-01
3.669049e-01
-7.737988e-02
3.853839e-01
-8.176166e-02
-3.337151e-01
4.258607e-01
-2.031234e-01
3.732078e-01
1.934436e-01
3.434275e-01
1.435315e-01
4.456999e-01
1.463187e-01
1.201373e-02
-2.856664e-02
-5.603116e-01
2.775680e-01
-8.681602e-02
2.813843e-01
-2.422283e-01
