11000000000000000000
00000000000000000000
00000000000000000000
00000000000000000000
00000000000000000000
00000000000000000000
00000000000000000000
00000000000000000000
00000000000000000000
00000000000000000000
00000000000000000000
00000000000000000000
00000000000000000000
00000000000000000000
00000000000000000000
00000000000000000000
00000000000000000000
00000000000000000000
00000000000000000000
00000000000000000000
00000000000000000000
00000000000000000000
00000000000000000000
00000000000000000000
00000000000000000000
00000000000000000000
00000000000000000000
00000000000000000000
00000000000000000000
00000000000000000000
00000000000000000000
00000000000000000000
00000000000000000000
00000000000000000000
00000000000000000000
00000000000000000000
00000000000000000000
00000000000000000000
00000000000000000000
00000000000000000000
11100000000000000000
00000000000000000000
00000000000000000000
00000000000000000000
00000000000000000000
00000000000000000000
00000000000000000000
00000000000000000000
00000000000000000000
00000000000000000000
00000000000000000000
00000000000000000000
00000000000000000000
00000000000000000000
00000000000000000000
00000000000000000000
11100000000000000000
00000000000000000000
00000000000000000000
00000000000000000000
00000000000000000000
00000000000000000000
00000000000000000000
00000000000000000000
00000100000000000000
00000000000000000000
00000100000000000000
00000000000000000000
00000100000000000000
00000000000000000000
00000100000000000000
00000000000000000000
00000100000000000000
00000000000000000000
00000100000000000000
00000000000000000000
00000100000000000000
00000000000000000000
00000100000000000000
00000000000000000000
00000100000000000000
00000000000000000000
00000100000000000000
00000000000000000000
00000100000000000000
00000000000000000000
00000100000000000000
00000000000000000000
00000100000000000000
00000000000000000000
00000100000000000000
00000000000000000000
00000100000000000000
00000000000000000000
00000100000000000000
00000000000000000000
00000000000000000000
00000000000000000000
00000000000000000000
00000000000000000000
00000000000000000000
00000000000000000000
00000000000000000000
00000000000000000000
11100000000000000000
00100000000000000000
00000000000000000000
00000000000000000000
00000000000000000000
00000000000000000000
00000000000000000000
00000000000000000000
00000000000000000000
00000000000000000000
00000000000000000000
00000000000000000000
00000000000000000000
00000000000000000000
00000000000000000000
00000000000000000000
11100000000000000000
11100000000000000000
00000000000000000000
00000000000000000000
00000000000000000000
00000000000000000000
00000000000000000000
00000000000000000000
00000100000000000000
00000000000000000000
00000000000000000000
11101011111001000000
00000100000000000000
00000000000000000000
00000000000000000000
11111010000000111000
00000100000000000000
00000000000000000000
00000000000000000000
11111101010100111101
00000100000000000000
00000000000000000000
00000000000000000000
11111111001101000101
00000100000000000000
00000000000000000000
00000000000000000000
00000000110010111011
00000100000000000000
00000000000000000000
00000000000000000000
00000010101011000011
00000100000000000000
00000000000000000000
00000000000000000000
00000101111111001000
00000100000000000000
00000000000000000000
00000000000000000000
00010100000111000000
00000011000000000000
00000000000000000000
11111101000000000000
00000000000000000000
00000011000000000000
00000000000000000000
11111101000000000000
00000000000000000000
00000011000000000000
00000000000000000000
11111101000000000000
00000000000000000000
00000011000000000000
00000000000000000000
11111101000000000000
00000000000000000000
00000011000000000000
00000000000000000000
11111101000000000000
00000000000000000000
00000011000000000000
00000000000000000000
11111101000000000000
00000000000000000000
00000011000000000000
00000000000000000000
11111101000000000000
00000000000000000000
00000011000000000000
00000000000000000000
11111101000000000000
00000000000000000000
00000011000000000000
00000000000000000000
11111101000000000000
00000000000000000000
00000011000000000000
00000000000000000000
11111101000000000000
00000000000000000000
00000011000000000000
00000000000000000000
11111101000000000000
00000000000000000000
00000011000000000000
00000000000000000000
11111101000000000000
00000000000000000000
00000011000000000000
00000000000000000000
11111101000000000000
00000000000000000000
00000011000000000000
00000000000000000000
11111101000000000000
00000000000000000000
00000011000000000000
00000000000000000000
11111101000000000000
00000000000000000000
00000011000000000000
00000000000000000000
11111101000000000000
00000000000000000000
